0.000865344471764183
0.00293769799935761
0.00475973112992047
0.00638577004543114
0.00874882137134191
0.0101951937967849
0.0107979631763593
0.0117261432895838
0.0127086797279268
0.0144315723210709
0.0152863026025846
0.0172880019323099
0.0167850699408045
0.01642848258415
0.0175463888301772
0.0187524174561646
0.0182543705321812
0.0203205269481563
0.0208425982173705
0.0206966810291976
0.0207408190079905
0.0236101870249052
0.0225103318196521
0.0237736409771887
0.0222611605183121
0.0233752031203644
0.0244990712760791
0.0247810499404475
0.0240702430482905
0.0227821901823048
0.0255164189765276
0.0232348290591198
0.0242209675742006
0.0268943954636746
0.025146943910082
0.0267553371433892
0.026553416257432
0.0258671280626075
0.0273219224618436
0.026272910818741
0.0255130171557622
0.0232890228921999
0.0227972851036437
0.0234250774541792
0.0204783585087427
0.017603637176298
0.0155572290965418
0.0150783016570513
0.0119105848518949
0.0109586896182098
0.00686407635177852
0.00748391737577608
0.00510632406359398
0.00487059822850132
0.00354302899148126
0.00264994828058007
0.00204043658651018
0.00202261770211333
0.00135421796632905
0.000967420413079906
0.000937229405779265
0.00276323518161083
0.000489057361878191
0.000385764461588771
0.000478109822982301
0.00022505886190404
0.000342638577108938
0.000178393870698457
0.0002726833010849
0.000631050708249637
0.000164055699629897
0.00031151968626735
0.000209007174947634
0.00167990384620152
0.00021943581741296
0.000169443202114752
0.00444723604171446
0.000302517007693448
0.000182646039248572
0.000310609717735525
9.2881223739487e-05
0.00348462036455257
0.000213163370792081
0.000132054654762965
0.000240950266259089
0.000239130872191591
0.000195207246125472
0.000137460083598795
0.000879344273436856
0.000225878338632238
