* EIRENE input file generated with uinp v. 2.0                          
*** 1. Data for operating mode                                          
     2     1    20 10000     1     0     0     1
TFTTF
*** 2. Data for standard mesh                                           
     6     1     1
T
FFFFT FF
    37     1    99     3     0
 0.00000E+00 0.00000E+00 0.00000E+00
T
FFF
    99     0     0     0
 0.00000E+00 1.00000E+00 0.00000E+00 0.00000E+00
F
FTF
     0     0    30     0
 0.00000E+00 0.00000E+00 3.60000E+02 0.00000E+00 1.00000E-05
F
T
     1
 1.00000E+00
*** 3a. Data for non default standard surfaces                          
    14
*   1 : Core side    1                                                  
     1     1     1    26    74     0     0     0     0
     2    -2     0     0     0     6     0     0     0     0
*   2 : Target       1                                                  
     2     2     1     1    37     0     0     0     0
     1    -2     0     0     0     6     0     0     0     0
SURFMOD_1_CARBON_SPT_1160K                                              
*   3 : Target       2                                                  
     3     2    99     1    37     0     0     0     0
     1     2     0     0     0     6     0     0     0     0
SURFMOD_1_CARBON_SPT_1160K                                              
*   4 : PFR side     1                                                  
     4     1     1     1    25     0     0     0     0
    -3     0 10220     0     0     6     0  1001     0     0
*   5 : PFR side     2                                                  
     5     1     1    75    99     0     0     0     0
    -3     0 10220     0     0     6     0  1001     0     0
*   6 : Outer side   1                                                  
     6     1    37     1    99     0     0     0     0
    -3     0 20110     0     0     6     0  1001     0     0
*   7 :        Cut   1                                                  
     7     2    25     1    19     0     0     0     0
    -1     0     0    26     0     3     0     0     0     0
*   8 :        Cut   2                                                  
     8     2    26     1    19     0     0     0     0
    -1     0     0    74     0     3     0     0     0     0
*   9 :        Cut   3                                                  
     9     2    75     1    19     0     0     0     0
    -1     0     0    25     0     3     0     0     0     0
*  10 :        Cut   4                                                  
    10     2    74     1    19     0     0     0     0
    -1     0     0    75     0     3     0     0     0     0
*  11 :        Cut   5                                                  
    11     2    25    19    37     0     0     0     0
    -1     0     0    26     0     3     0     0     0     0
*  12 :        Cut   6                                                  
    12     2    26    19    37     0     0     0     0
    -1     0     0    74     0     3     0     0     0     0
*  13 :        Cut   7                                                  
    13     2    75    19    37     0     0     0     0
    -1     0     0    25     0     3     0     0     0     0
*  14 :        Cut   8                                                  
    14     2    74    19    37     0     0     0     0
    -1     0     0    75     0     3     0     0     0     0
*** 3b. Data for additional surfaces                                    
    41
*   1 :   1                                                                 
 2.00000E+00 1.00000E+00 1.00000E+00 1.00000E-05
     1     1     0     0     0     1     0     0     0     0
 1.15300E+02-1.36300E+02-1.00000E+20 9.50000E+01-1.25000E+02 1.00000E+20
SURFMOD_2_CARBON_SPT_1160K                                              
*   2 :   2                                                                 
 2.00000E+00 1.00000E+00 1.00000E+00 1.00000E-05
     1     1     0     0     0     1     0     0     0     0
 1.01600E+02 9.64000E+01-1.00000E+20 1.01600E+02-9.00705E+01 1.00000E+20
SURFMOD_2_CARBON_SPT_1160K                                              
*   3 :   3                                                                 
 2.00000E+00 1.00000E+00 1.00000E+00 1.00000E-05
     1     1     0     0     0     1     0     0     0     0
 1.01600E+02 1.13800E+02-1.00000E+20 1.01600E+02 9.64000E+01 1.00000E+20
SURFMOD_2_CARBON_SPT_1160K                                              
*   4 :   4                                                                 
 2.00000E+00 1.00000E+00 1.00000E+00 1.00000E-05
     1     1     0     0     0     1     0     0     0     0
 9.50000E+01-1.25000E+02-1.00000E+20 1.01600E+02-1.00430E+02 1.00000E+20
SURFMOD_2_CARBON_SPT_1160K                                              
*   5 :   5  - target edge (to be modified by ADDUSR)                       
 2.00000E+00 1.00000E+00 1.00000E+00 1.00000E-05
     1     1     0     0     0     1     0     0     0     0
 1.37200E+02-1.25000E+02-1.00000E+20 1.57000E+02-1.25000E+02 1.00000E+20
SURFMOD_2_CARBON_SPT_1160K                                              
*   6 :   6  - target edge (to be modified by ADDUSR)                       
 2.00000E+00 1.00000E+00 1.00000E+00 1.00000E-05
     1     1     0     0     0     1     0     0     0     0
 1.57000E+02-1.25000E+02-1.00000E+20 1.76800E+02-1.25000E+02 1.00000E+20
SURFMOD_2_CARBON_SPT_1160K                                              
*   7 :   7                                                                 
 2.00000E+00 1.00000E+00 1.00000E+00 1.00000E-05
     1     1     0     0     0     1     0     0     0     0
 1.76800E+02-1.25000E+02-1.00000E+20 1.55025E+02-1.27557E+02 1.00000E+20
SURFMOD_2_CARBON_SPT_1160K                                              
*   8 :   8                                                                 
 2.00000E+00 1.00000E+00 1.00000E+00 1.00000E-05
     1     1     0     0     0     1     0     0     0     0
 1.55025E+02-1.27557E+02-1.00000E+20 1.37200E+02-1.25000E+02 1.00000E+20
SURFMOD_2_CARBON_SPT_1160K                                              
*   9 :  11                                                                 
 2.00000E+00 1.00000E+00 1.00000E+00 1.00000E-05
     1     1     0     0     0     1     0     0     0     0
 1.00100E+02 1.21700E+02-1.00000E+20 1.01600E+02 1.13800E+02 1.00000E+20
SURFMOD_2_CARBON_SPT_1160K                                              
*  10 :  13                                                                 
 2.00000E+00 1.00000E+00 1.00000E+00 1.00000E-05
     1     1     0     0     0     1     0     0     0     0
 1.02900E+02 1.21700E+02-1.00000E+20 1.00100E+02 1.21700E+02 1.00000E+20
SURFMOD_2_CARBON_SPT_1160K                                              
*  11 :  14                                                                 
 2.00000E+00 1.00000E+00 1.00000E+00 1.00000E-05
     1     1     0     0     0     1     0     0     0     0
 1.04200E+02 1.16240E+02-1.00000E+20 1.02900E+02 1.21700E+02 1.00000E+20
SURFMOD_2_CARBON_SPT_1160K                                              
*  12 :  16                                                                 
 2.00000E+00 1.00000E+00 1.00000E+00 1.00000E-05
     1     1     0     0     0     1     0     0     0     0
 1.11600E+02 1.16591E+02-1.00000E+20 1.04200E+02 1.16240E+02 1.00000E+20
SURFMOD_2_CARBON_SPT_1160K                                              
*  13 :  17  - target edge (to be modified by ADDUSR)                       
 2.00000E+00 1.00000E+00 1.00000E+00 1.00000E-05
     1     1     0     0     0     1     0     0     0     0
 1.01600E+02-1.00430E+02-1.00000E+20 1.01600E+02-1.22300E+02 1.00000E+20
SURFMOD_2_CARBON_SPT_1160K                                              
*  14 :  21                                                                 
 2.00000E+00 1.00000E+00 1.00000E+00 1.00000E-05
     1     1     0     0     0     1     0     0     0     0
 1.18100E+02 1.18300E+02-1.00000E+20 1.11600E+02 1.16591E+02 1.00000E+20
SURFMOD_2_CARBON_SPT_1160K                                              
*  15 :  25                                                                 
 2.00000E+00 1.00000E+00 1.00000E+00 1.00000E-05
     1     1     0     0     0     1     0     0     0     0
 1.20900E+02 1.20200E+02-1.00000E+20 1.18100E+02 1.18300E+02 1.00000E+20
SURFMOD_2_CARBON_SPT_1160K                                              
*  16 :  31                                                                 
 2.00000E+00 1.00000E+00 1.00000E+00 1.00000E-05
     1     1     0     0     0     1     0     0     0     0
 1.23900E+02 1.23800E+02-1.00000E+20 1.20900E+02 1.20200E+02 1.00000E+20
SURFMOD_2_CARBON_SPT_1160K                                              
*  17 :  35                                                                 
 2.00000E+00 1.00000E+00 1.00000E+00 1.00000E-05
     1     1     0     0     0     1     0     0     0     0
 1.01600E+02-9.00705E+01-1.00000E+20 1.01600E+02-1.00430E+02 1.00000E+20
SURFMOD_2_CARBON_SPT_1160K                                              
*  18 :  36                                                                 
 2.00000E+00 1.00000E+00 1.00000E+00 1.00000E-05
     1     1     0     0     0     1     0     0     0     0
 1.28000E+02 1.33100E+02-1.00000E+20 1.23900E+02 1.23800E+02 1.00000E+20
SURFMOD_2_CARBON_SPT_1160K                                              
*  19 :  40                                                                 
 2.00000E+00 1.00000E+00 1.00000E+00 1.00000E-05
     1     1     0     0     0     1     0     0     0     0
 1.28000E+02 1.34700E+02-1.00000E+20 1.28000E+02 1.33100E+02 1.00000E+20
SURFMOD_2_CARBON_SPT_1160K                                              
*  20 :  42                                                                 
 2.00000E+00 1.00000E+00 1.00000E+00 1.00000E-05
     1     1     0     0     0     1     0     0     0     0
 1.41900E+02 1.34800E+02-1.00000E+20 1.28000E+02 1.34700E+02 1.00000E+20
SURFMOD_2_CARBON_SPT_1160K                                              
*  21 :  47                                                                 
 2.00000E+00 1.00000E+00 1.00000E+00 1.00000E-05
     1     1     0     0     0     1     0     0     0     0
 1.41900E+02 1.31000E+02-1.00000E+20 1.41900E+02 1.34800E+02 1.00000E+20
SURFMOD_2_CARBON_SPT_1160K                                              
*  22 :  48                                                                 
 2.00000E+00 1.00000E+00 1.00000E+00 1.00000E-05
     1     1     0     0     0     1     0     0     0     0
 1.37200E+02 1.31000E+02-1.00000E+20 1.41900E+02 1.31000E+02 1.00000E+20
SURFMOD_2_CARBON_SPT_1160K                                              
*  23 :  49                                                                 
 2.00000E+00 1.00000E+00 1.00000E+00 1.00000E-05
     1     1     0     0     0     1     0     0     0     0
 1.37200E+02 1.29200E+02-1.00000E+20 1.37200E+02 1.31000E+02 1.00000E+20
SURFMOD_2_CARBON_SPT_1160K                                              
*  24 :  50                                                                 
 2.00000E+00 1.00000E+00 1.00000E+00 1.00000E-05
     1     1     0     0     0     1     0     0     0     0
 1.60800E+02 1.09500E+02-1.00000E+20 1.37200E+02 1.29200E+02 1.00000E+20
SURFMOD_2_CARBON_SPT_1160K                                              
*  25 :  51                                                                 
 2.00000E+00 1.00000E+00 1.00000E+00 1.00000E-05
     1     1     0     0     0     1     0     0     0     0
 1.64700E+02 1.07700E+02-1.00000E+20 1.60800E+02 1.09500E+02 1.00000E+20
SURFMOD_2_CARBON_SPT_1160K                                              
*  26 :  52                                                                 
 2.00000E+00 1.00000E+00 1.00000E+00 1.00000E-05
     1     1     0     0     0     1     0     0     0     0
 1.78500E+02 1.07700E+02-1.00000E+20 1.64700E+02 1.07700E+02 1.00000E+20
SURFMOD_2_CARBON_SPT_1160K                                              
*  27 :  53                                                                 
 2.00000E+00 1.00000E+00 1.00000E+00 1.00000E-05
     1     1     0     0     0     1     0     0     0     0
 2.07000E+02 1.04000E+02-1.00000E+20 1.78500E+02 1.07700E+02 1.00000E+20
SURFMOD_2_CARBON_SPT_1160K                                              
*  28 :  54                                                                 
 2.00000E+00 1.00000E+00 1.00000E+00 1.00000E-05
     1     1     0     0     0     1     0     0     0     0
 2.12800E+02 9.93000E+01-1.00000E+20 2.07000E+02 1.04000E+02 1.00000E+20
SURFMOD_2_CARBON_SPT_1160K                                              
*  29 :  56                                                                 
 2.00000E+00 1.00000E+00 1.00000E+00 1.00000E-05
     1     1     0     0     0     1     0     0     0     0
 2.37700E+02 3.89000E+01-1.00000E+20 2.12800E+02 9.93000E+01 1.00000E+20
SURFMOD_2_CARBON_SPT_1160K                                              
*  30 :  58                                                                 
 2.00000E+00 1.00000E+00 1.00000E+00 1.00000E-05
     1     1     0     0     0     1     0     0     0     0
 2.35200E+02 4.00000E+01-1.00000E+20 2.37700E+02 3.89000E+01 1.00000E+20
SURFMOD_2_CARBON_SPT_1160K                                              
*  31 :  60                                                                 
 2.00000E+00 1.00000E+00 1.00000E+00 1.00000E-05
     1     1     0     0     0     1     0     0     0     0
 2.35300E+02-4.00000E+01-1.00000E+20 2.35200E+02 4.00000E+01 1.00000E+20
SURFMOD_2_CARBON_SPT_1160K                                              
*  32 :  67                                                                 
 2.00000E+00 1.00000E+00 1.00000E+00 1.00000E-05
     1     1     0     0     0     1     0     0     0     0
 2.37700E+02-3.89000E+01-1.00000E+20 2.35300E+02-4.00000E+01 1.00000E+20
SURFMOD_2_CARBON_SPT_1160K                                              
*  33 :  68                                                                 
 2.00000E+00 1.00000E+00 1.00000E+00 1.00000E-05
     1     1     0     0     0     1     0     0     0     0
 2.13400E+02-9.73000E+01-1.00000E+20 2.37700E+02-3.89000E+01 1.00000E+20
SURFMOD_2_CARBON_SPT_1160K                                              
*  34 :  69                                                                 
 2.00000E+00 1.00000E+00 1.00000E+00 1.00000E-05
     1     1     0     0     0     1     0     0     0     0
 1.78600E+02-1.17400E+02-1.00000E+20 2.13400E+02-9.73000E+01 1.00000E+20
SURFMOD_2_CARBON_SPT_1160K                                              
*  35 :  70                                                                 
 2.00000E+00 1.00000E+00 1.00000E+00 1.00000E-05
     1     1     0     0     0     1     0     0     0     0
 1.76800E+02-1.21100E+02-1.00000E+20 1.78600E+02-1.17400E+02 1.00000E+20
SURFMOD_2_CARBON_SPT_1160K                                              
*  36 :  71                                                                 
 2.00000E+00 1.00000E+00 1.00000E+00 1.00000E-05
     1     1     0     0     0     1     0     0     0     0
 1.76800E+02-1.25000E+02-1.00000E+20 1.76800E+02-1.21100E+02 1.00000E+20
SURFMOD_2_CARBON_SPT_1160K                                              
*  37 :  74                                                                 
 2.00000E+00 1.00000E+00 1.00000E+00 1.00000E-05
     1     1     0     0     0     1     0     0     0     0
 1.37200E+02-1.32900E+02-1.00000E+20 1.37200E+02-1.25000E+02 1.00000E+20
SURFMOD_2_CARBON_SPT_1160K                                              
*  38 :  75                                                                 
 2.00000E+00 1.00000E+00 1.00000E+00 1.00000E-05
     1     1     0     0     0     1     0     0     0     0
 1.42000E+02-1.32900E+02-1.00000E+20 1.37200E+02-1.32900E+02 1.00000E+20
SURFMOD_2_CARBON_SPT_1160K                                              
*  39 :  76  Plenum entrancs                                                    
 2.00000E+00 1.00000E+00 1.00000E+00 1.00000E-05
     1     1     0     0     0     1     0     0     0     0
 1.42000E+02-1.36300E+02-1.00000E+20 1.42000E+02-1.32900E+02 1.00000E+20
SURFMOD_3_CARBON_SPT_1160K                                              
*  40 :  79  - target edge (to be modified by ADDUSR)                       
 2.00000E+00 1.00000E+00 1.00000E+00 1.00000E-05
     1     1     0     0     0     1     0     0     0     0
 1.01600E+02-1.22300E+02-1.00000E+20 1.15300E+02-1.36300E+02 1.00000E+20
SURFMOD_2_CARBON_SPT_1160K                                              
*  41 :  80                                                                 
 2.00000E+00 1.00000E+00 1.00000E+00 1.00000E-05
     1     1     0     0     0     1     0     0     0     0
 1.15300E+02-1.36300E+02-1.00000E+20 1.42000E+02-1.36300E+02 1.00000E+20
SURFMOD_2_CARBON_SPT_1160K                                              
*** 4. Data for species and atomic physics module                       
**  Reactions                                                           
    13
  1 AMJUEL H.4 2.1.5    EI   0  1 0.00000E+00 0.00000E+00 0.00000E+00
  2 AMJUEL H.102.1.5    EI   0  1 0.00000E+00 0.00000E+00 0.00000E+00
  3 HYDHEL H.1 3.1.8    CX   1  1 0.00000E+00 0.00000E+00 0.00000E+00
  3 HYDHEL H.3 3.1.8    CX   1  1 0.00000E+00 0.00000E+00 0.00000E+00
  4 METHAN H.2 2.23     EI   0 12 0.00000E+00 0.00000E+00 0.00000E+00
  5 AMJUEL H.4 2.2.9    EI   0  2 0.00000E+00 0.00000E+00 0.00000E+00
  6 AMJUEL H.4 2.2.5g   DS   0  2 0.00000E+00 0.00000E+00 0.00000E+00
  7 AMJUEL H.4 2.2.10   DS   0  2 0.00000E+00 0.00000E+00 0.00000E+00
  8 AMJUEL H.1 0.3      EL   1  2 0.00000E+00 0.00000E+00 0.00000E+00
  9 AMJUEL H.2 3.2.3    CX   1  2 0.00000E+00 0.00000E+00 0.00000E+00
 10 AMJUEL H.4 2.2.12   DS   0  2 0.00000E+00 0.00000E+00 0.00000E+00
 11 AMJUEL H.4 2.2.11   EI   0  2 0.00000E+00 0.00000E+00 0.00000E+00
 12 AMJUEL H.4 2.1.8    RC   0  1 0.00000E+00 0.00000E+00 0.00000E+00
 13 AMJUEL H.102.1.8    RC   0  1 1.36000E+01 0.00000E+00 0.00000E+00
**4a.   Neutral atom species                                            
     2
 1 D         2  1  1  0  1 -1  0  2  0  0
     1   115   114     0 30000     0     0
 2.00000E+00 0.00000E+00 0.00000E+00 0.00000E+00 0.00000E+00
     3   114   111   114  1001     0     0
 0.00000E+00 0.00000E+00 0.00000E+00 0.00000E+00 0.00000E+00
 2 C        12  6  1  0  0  0  0  1  0  0
     4   115   214     0     0     0     0
-1.13000E+01 0.00000E+00 0.00000E+00 0.00000E+00 0.00000E+00
**4b.   Neutral molecule species                                        
     1
 1 D2        4  2  2  0  0  1  0  5  0  0
     5   115   113     0     0     0     0
-1.54000E+01 0.00000E+00 0.00000E+00 0.00000E+00 0.00000E+00
     6   115   121     0     0     0     0
-1.05000E+01 0.00000E+00 3.00000E+00 3.00000E+00 0.00000E+00
     7   115   111   114     0     0     0
-2.50000E+01 0.00000E+00 5.00000E+00 5.00000E+00 0.00000E+00
     8   114   112   114  1001     0     0
 0.00000E+00 0.00000E+00 0.00000E+00 0.00000E+00 0.00000E+00
     9   114   111   113  1001     0     0
 0.00000E+00 0.00000E+00 0.00000E+00 0.00000E+00 0.00000E+00
**4c.   Test ion species                                                
     1
 1 D2+       4  2  2  1  0 -1  0  2 -1  0
    10   115   111   114     0     0     0
-1.05000E+01 0.00000E+00 4.30000E+00 4.30000E+00 0.00000E+00
    11   115   124     0     0     0     0
-1.55000E+01 0.00000E+00 2.50000E-01 2.50000E-01 0.00000E+00
*** 5. Data for plasma background                                       
*                                                                      *
     7
 1 D+        2  1  1  1  1 -1  1  1
    12   115   111     0 30000
 1.30000E+01 0.00000E+00 0.00000E+00 0.00000E+00 0.00000E+00
 2 C+       12  6  1  1  0  0 -1  0
 3 C++      12  6  1  2  0  0 -1  0
 4 C3+      12  6  1  3  0  0 -1  0
 5 C4+      12  6  1  4  0  0 -1  0
 6 C5+      12  6  1  5  0  0 -1  0
 7 C6+      12  6  1  6  0  0 -1  0
     6     6     6     6     6     6     0     0     0     0     0     0
*** 6a. General data for reflection model                               
T
 1.00000E+00 1.00000E+00 0.00000E+00
 1.00000E+00
 1.00000E+00
 1.00000E+00 1.66667E-01 1.66667E-01 1.66667E-01 1.66667E-01 1.66667E-01
 1.66667E-01 0.00000E+00 0.00000E+00
 1.00000E+00 5.00000E+01 1.00000E-01 0.00000E+00 0.00000E+00 0.00000E+00
SURFMOD_1_CARBON_SPT_1160K                                              
     1    12     2     2
 1.20600E+03-1.00000E-01 0.00000E+00 0.00000E+00 0.00000E+00-1.00000E+00
 1.00000E+00 1.00000E+00 1.00000E+00 1.00000E+00 5.00000E-01 1.00000E+00
 1.00000E+00 1.00000E-02 0.00000E+00
SURFMOD_2_CARBON_SPT_1160K                                              
     1     2     2     2
 1.20600E+03-1.00000E-01 0.00000E+00 0.00000E+00 0.00000E+00-1.00000E+00
 1.00000E+00 1.00000E+00 1.00000E+00 1.00000E+00 5.00000E-01 1.00000E+00
 1.00000E+00 1.00000E+00 0.00000E+00
SURFMOD_3_CARBON_SPT_1160K                                              
     1     2     2     2
 1.20600E+03-1.00000E-01 0.00000E+00 0.00000E+00 0.00000E+00-1.00000E+00
 1.00000E+00 0.60000E+00 1.00000E+00 1.00000E+00 5.00000E-01 1.00000E+00
 1.00000E+00 1.00000E+00 0.00000E+00
*** 7. Data for primary sources, nstrai strata                          
     7
     0     0     0     0     0     0    -1
 5.00000E-01
*   1 : Recycling - Target       1                                      
FFFF
 25000 10001     7     1
 1.00000E+00 0.00000E+00     0     0     0     0     0     0     0     0
FFFT
    -1
FFTFF
     1
     1     2     1     1    37     1     1     0     0
 1.00000E+00 2.04000E+02 1.00000E+00 0.00000E+00 2.00000E+03
    -1     0     0     0     0     0     0
 0.00000E+00 0.00000E+00 0.00000E+00 0.00000E+00 0.00000E+00 3.60000E+02
 0.00000E+00 0.00000E+00 0.00000E+00 0.00000E+00 0.00000E+00
 1.00000E+00 9.00000E+01 0.00000E+00 0.00000E+00 0.00000E+00
*   2 : Recycling - Target       2                                      
FFFF
 25000 10001     7     1
 1.00000E+00 0.00000E+00     0     0     0     0     0     0     0     0
FFFT
    -1
FFTFF
     1
     2     2    99     1    37    99    99     0     0
 1.00000E+00 2.04000E+02 2.00000E+00 0.00000E+00 1.00000E+03
    -1     0     0     0     0     0     0
 0.00000E+00 0.00000E+00 0.00000E+00 0.00000E+00 0.00000E+00 3.60000E+02
 0.00000E+00 0.00000E+00 0.00000E+00 0.00000E+00 0.00000E+00
 1.00000E+00 9.00000E+01 0.00000E+00 0.00000E+00 0.00000E+00
*   3 : Recycling - PFR side     1                                      
FFFF
  2000 10001     6     1
 1.00000E+00 0.00000E+00     0     0     0     0     0     0     0     0
FFFT
    -1
FFTFF
     1
     3     1     1     1     1     1    25     0     0
 1.00000E+00 2.40000E+02 3.00000E+00 0.00000E+00 2.11100E+03
    -1     0     0     0     0     0     0
 0.00000E+00 0.00000E+00 0.00000E+00 0.00000E+00 0.00000E+00 3.60000E+02
 0.00000E+00 0.00000E+00 0.00000E+00 0.00000E+00 0.00000E+00
 1.00000E+00 9.00000E+01 0.00000E+00 0.00000E+00 0.00000E+00
*   4 : Recycling - PFR side     2                                      
FFFF
  2000 10001     6     1
 1.00000E+00 0.00000E+00     0     0     0     0     0     0     0     0
FFFT
    -1
FFTFF
     1
     4     1     1     1     1    75    99     0     0
 1.00000E+00 2.40000E+02 4.00000E+00 0.00000E+00 2.11100E+03
    -1     0     0     0     0     0     0
 0.00000E+00 0.00000E+00 0.00000E+00 0.00000E+00 0.00000E+00 3.60000E+02
 0.00000E+00 0.00000E+00 0.00000E+00 0.00000E+00 0.00000E+00
 1.00000E+00 9.00000E+01 0.00000E+00 0.00000E+00 0.00000E+00
*   5 : Recycling - Outer side   1                                      
FFFF
  2000 10001     6     1
 1.00000E+00 0.00000E+00     0     0     0     0     0     0     0     0
FFFT
    -1
FFTFF
     1
     5     1    37    37    37     1    99     0     0
 1.00000E+00 2.40000E+02 5.00000E+00 0.00000E+00 1.11100E+03
    -1     0     0     0     0     0     0
 0.00000E+00 0.00000E+00 0.00000E+00 0.00000E+00 0.00000E+00 3.60000E+02
 0.00000E+00 0.00000E+00 0.00000E+00 0.00000E+00 0.00000E+00
 1.00000E+00 9.00000E+01 0.00000E+00 0.00000E+00 0.00000E+00
*   6 :  Gas puffing source            1  : D2                          
FFFF
 25000  6001     1     1
 1.00000E+00
FTFF
     1
TFFF
     1
    11     0    19     1     1     1     1     0     0
 1.00000E+00 1.20000E+02 0.00000E+00 0.00000E+00 1.00000E+03
     0     0     0     0     1     0     0
 1.94000E+02 1.05600E+02 0.00000E+00 0.00000E+00 1.00000E+00 0.00000E+00
 3.00000E-02 0.00000E+00 0.00000E+00 0.00000E+00 0.00000E+00
 1.00000E+00 9.00000E+01 0.00000E+00 0.00000E+00 0.00000E+00
*   7 : Volumetric recombination D                                      
FFFF
  7000  4001     6     1
 1.00000E+00 0.00000E+00     0     0     0     0     0     0     0     0
FFFT
     1
FFFTF
     1
     7     0     0     1    37     1    99     0     0
 1.00000E+00 2.40000E+02 1.00000E+00 0.00000E+00 0.00000E+00
     0     0     0     0     0     0     0
 0.00000E+00 0.00000E+00 0.00000E+00 0.00000E+00 0.00000E+00 3.60000E+02
 0.00000E+00 0.00000E+00 0.00000E+00 0.00000E+00 0.00000E+00
 0.00000E+00 0.00000E+00 0.00000E+00 0.00000E+00 0.00000E+00
*** 8. Additional data for specific zones                               
     0
*** 9. Data for statistic and nonanalog model                           
FFFFF
     0
     0     0     0     0     0
 1.00000E+03 1.00000E-02 0.00000E+00
 2.00000E+00
**  Standard deviation                                                  
     0     0     0     0     0
*** 10. Data for additional tallies                                     
     0     0     0     0     0
** 10a. Volume tallies - tracklength estimator                          
** 10b. Volume tallies - collisional estimator                          
** 10c. Volume tallies - algebraic expressions                          
** 10d. Surface tallies                                                 
** 10e. Surface tallies - algebraic expressions                         
*** 11. Data for numerical and graphical output                         
FFFFF FFtFF FFFFF FFFFF
TFFFF FFFFF F
     0
     1
    -3
TTFTT FFTFF FFF
     1    37     1     1    99     1     0     0     0
F                          0
F                          0
F                          0
F                          0
F                          0
F                          0
F                          0
F                          0
 2.50000E+02 2.50000E+02 1.50000E+02-0.00000E+02 0.00000E+00
 1.00000E+01 1.00000E+01 0.00000E+00 0.00000E+00 1.00000E+01 1.00000E+01
 1.00000E+01 1.00000E+01 0.00000E+00
     1200000     0     0     0     0     0     0     0     0     2
     0
*** 12. Data for diagnostic module                                      
     0     0
*** 13. Data for nonlinear and time dep. option                         
 50000
     1     0
 1.00000E+02 0.00000E+00
** 13a. Data for snapshot tallies                                       
     0
*** 14. Data for interfacing routine "infusr"                           
FT
     7     0     1
     1     1 1.00000E+00 2.00000E+00
     2     2 1.00000E+00 1.20000E+01
     3     3 1.00000E+00 1.20000E+01
     4     4 1.00000E+00 1.20000E+01
     5     5 1.00000E+00 1.20000E+01
     6     6 1.00000E+00 1.20000E+01
     7     7 1.00000E+00 1.20000E+01
    98    36
     5
     1     1     1     1     1
     1     0    -1     1     1    37     0     0     0     0
     2    98     1     1     1    37     0     0     0     0
     3     0    -1     2     1    25     0     0     0     0
     4     0    -1     2    75    99     0     0     0     0
     5    36     1     2     1    99     0     0     0     0
 6.00000E+01 6.00000E+01 1.00000E+02 5.00000E+01
     0
     0
*** 15. Data for interfacing routine "addusr"                           
     1    40
     2    13
     2     5
     1     6
