&INBC
  R0 = 0.438716174 
  B0 = 0.3938765202 
  IP = 0.3002987405 
  NBDRY = 148 
  RBDRY = 0.3624797618 0.3484375 0.330625 0.3128125 0.295 0.2874854252  
    0.2771875 0.259375 0.2415625 0.22375 0.2197443032 0.2059375  
    0.1902200312 0.188125 0.1712868703 0.1703125 0.1577460572 0.1525  
    0.1480764471 0.140825412 0.1357306192 0.1346875 0.1315145599  
    0.1282896248 0.1259171724 0.124197962 0.1229204303 0.1220043851  
    0.1213178055 0.1208442925 0.1204930172 0.1202814497 0.1201418205  
    0.1201114976 0.120138199 0.1202738867 0.120480832 0.1208263999  
    0.1212925658 0.1219694994 0.1228726012 0.124132679 0.1258280506  
    0.1281680141 0.1313489596 0.1346875 0.1355422281 0.1405632121  
    0.1476983828 0.1525 0.1572786417 0.1703125 0.1706621025 0.188125  
    0.1892861377 0.2059375 0.2180776135 0.22375 0.2415625 0.259375  
    0.2771875 0.2810283075 0.295 0.3128125 0.330625 0.3484375 0.36625  
    0.3695808603 0.3840625 0.401875 0.4196875 0.4375 0.4532267569  
    0.4553125 0.473125 0.4909375 0.5015260371 0.50875 0.5265625  
    0.538831372 0.544375 0.5621875 0.569778043 0.58 0.5963509227  
    0.5978125 0.615625 0.6198235951 0.6334375 0.6407640372 0.65125  
    0.6594544427 0.6690625 0.6761894699 0.686875 0.6911502165  
    0.7044774718 0.7046875 0.7166711515 0.7225 0.7273304285  
    0.7363425718 0.7403125 0.7440051465 0.7500144139 0.7541437615  
    0.7565474261 0.7573208511 0.7564915764 0.7540283285 0.7498313245  
    0.7437444218 0.7403125 0.7360363776 0.7269425927 0.7225  
    0.7162374037 0.7046875 0.7039689126 0.6905116873 0.686875  
    0.6754613525 0.6690625 0.65863183 0.65125 0.6398300053 0.6334375  
    0.618768646 0.615625 0.5978125 0.5952281603 0.58 0.5684661317  
    0.5621875 0.544375 0.5373050569 0.5265625 0.50875 0.4996455047  
    0.4909375 0.473125 0.4553125 0.450616125 0.4375 0.4196875 0.401875  
    0.3840625 0.36625 
  ZBDRY = 0.6590625 0.6616704378 0.6632806238 0.6630650219 0.6608407733  
    0.6590625 0.6568138201 0.6507454297 0.6415444071 0.6280549112  
    0.624375 0.610598499 0.5896875 0.5863413919 0.555 0.5526552098  
    0.5203125 0.5015037487 0.485625 0.4509375 0.41625 0.4071031289  
    0.3815625 0.346875 0.3121875 0.2775 0.2428125 0.208125 0.1734375  
    0.13875 0.1040625 0.069375 0.0346875 0.0 -0.0346875 -0.069375  
    -0.1040625 -0.13875 -0.1734375 -0.208125 -0.2428125 -0.2775  
    -0.3121875 -0.346875 -0.3815625 -0.4086839623 -0.41625 -0.4509375  
    -0.485625 -0.5030103961 -0.5203125 -0.5541496068 -0.555  
    -0.587808668 -0.5896875 -0.6120672867 -0.624375 -0.6296460498  
    -0.6430232962 -0.6521433 -0.6581854951 -0.6590625 -0.6625044821  
    -0.6647374775 -0.6649491666 -0.6633217164 -0.660002177 -0.6590625  
    -0.6557323654 -0.650183885 -0.6430244213 -0.6340150149 -0.624375  
    -0.6232063482 -0.6119460294 -0.5987480139 -0.5896875 -0.5837608238  
    -0.5676516655 -0.555 -0.5493229327 -0.5296127636 -0.5203125  
    -0.5076985663 -0.485625 -0.4835938612 -0.4575393246 -0.4509375  
    -0.4289169078 -0.41625 -0.3972748583 -0.3815625 -0.3620642063  
    -0.346875 -0.3223897335 -0.3121875 -0.2775 -0.2769274336 -0.2428125  
    -0.2241007541 -0.208125 -0.1734375 -0.1556482926 -0.13875  
    -0.1040625 -0.069375 -0.0346875 0.0 0.0346875 0.069375 0.1040625  
    0.13875 0.1543669329 0.1734375 0.208125 0.2227636026 0.2428125  
    0.2755488876 0.2775 0.3121875 0.3208270487 0.346875 0.3604667724  
    0.3815625 0.3956569431 0.41625 0.4272767592 0.4509375 0.4558811658  
    0.4820394609 0.485625 0.5061449633 0.5203125 0.5280003032  
    0.5477860624 0.555 0.5660772235 0.5822494022 0.5896875 0.5971454537  
    0.6104591631 0.6217541125 0.624375 0.6324317076 0.6415422421  
    0.6487845848 0.6543774109 0.6585001963 
  NLIM = 9 
  RLIM = 0.1199999973 0.1000000015 0.2290000021 0.6000000238  
    0.9499999881 0.9499999881 0.6000000238 0.2290000021 0.1199999973 
  ZLIM = -0.7099999785 0.7099999785 0.8389999866 0.8389999866  
    0.4939999878 -0.4939999878 -0.8389999866 -0.8389999866  
    -0.7099999785 
/

