  KFIT     08/03/2019    #12345   0ms              0  65  65
 0.114000000E+01 0.222000000E+01 0.438716174E+00 0.100000000E-01 0.000000000E+00
 0.524688740E+00-0.642786520E-03-0.696533055E-02-0.149190018E-02 0.393876520E+00
 0.300298741E+06-0.696533055E-02 0.000000000E+00 0.524688740E+00 0.000000000E+00
-0.642786520E-03 0.000000000E+00-0.149190018E-02 0.000000000E+00 0.000000000E+00
 0.176021606E+00 0.176039654E+00 0.176056543E+00 0.176071977E+00 0.176085720E+00
 0.176097543E+00 0.176107189E+00 0.176114483E+00 0.176119231E+00 0.176121216E+00
 0.176120288E+00 0.176116308E+00 0.176109131E+00 0.176098641E+00 0.176084710E+00
 0.176067241E+00 0.176046178E+00 0.176021439E+00 0.175992970E+00 0.175960724E+00
 0.175924713E+00 0.175884874E+00 0.175841242E+00 0.175793841E+00 0.175742712E+00
 0.175687855E+00 0.175629355E+00 0.175567318E+00 0.175501789E+00 0.175432891E+00
 0.175360741E+00 0.175285465E+00 0.175207223E+00 0.175126183E+00 0.175042497E+00
 0.174956371E+00 0.174868013E+00 0.174777630E+00 0.174685488E+00 0.174591808E+00
 0.174496856E+00 0.174400936E+00 0.174304340E+00 0.174207361E+00 0.174110342E+00
 0.174013630E+00 0.173917557E+00 0.173822511E+00 0.173728899E+00 0.173637102E+00
 0.173547532E+00 0.173460651E+00 0.173376899E+00 0.173296710E+00 0.173220620E+00
 0.173149083E+00 0.173082632E+00 0.173021777E+00 0.172967063E+00 0.172919061E+00
 0.172878333E+00 0.172845450E+00 0.172821020E+00 0.172805713E+00 0.172800019E+00
 0.295903735E+04 0.292435753E+04 0.288933815E+04 0.285388918E+04 0.281793147E+04
 0.278138856E+04 0.274419058E+04 0.270627279E+04 0.266757694E+04 0.262804955E+04
 0.258764275E+04 0.254631490E+04 0.250402977E+04 0.246075627E+04 0.241646944E+04
 0.237115003E+04 0.232478371E+04 0.227736240E+04 0.222888368E+04 0.217935010E+04
 0.212877061E+04 0.207715932E+04 0.202453586E+04 0.197092581E+04 0.191636037E+04
 0.186087611E+04 0.180451515E+04 0.174732566E+04 0.168936107E+04 0.163068047E+04
 0.157134871E+04 0.151143616E+04 0.145101875E+04 0.139017804E+04 0.132900147E+04
 0.126758176E+04 0.120601734E+04 0.114441244E+04 0.108287659E+04 0.102152518E+04
 0.960479148E+03 0.899865053E+03 0.839815107E+03 0.780467038E+03 0.721964231E+03
 0.664455802E+03 0.608096324E+03 0.553046024E+03 0.499470865E+03 0.447542297E+03
 0.397437416E+03 0.349338952E+03 0.303435261E+03 0.259920328E+03 0.218993699E+03
 0.180860582E+03 0.145731767E+03 0.113823777E+03 0.853584136E+02 0.605640689E+02
 0.396718261E+02 0.229269379E+02 0.105570691E+02 0.285060778E+01 0.858382601E-02
 0.382044613E-01 0.360743679E-01 0.333813418E-01 0.301487805E-01 0.264108278E-01
 0.221952613E-01 0.175325354E-01 0.124521186E-01 0.698381739E-02 0.115732881E-02
-0.499761660E-02-0.114512979E-01-0.181739926E-01-0.251359762E-01-0.323075257E-01
-0.396589209E-01-0.471604375E-01-0.547823567E-01-0.624949430E-01-0.702684871E-01
-0.780732560E-01-0.858795375E-01-0.936575979E-01-0.101377721E+00-0.109010181E+00
-0.116525258E+00-0.123893222E+00-0.131084364E+00-0.138068956E+00-0.144817261E+00
-0.151299558E+00-0.157486148E+00-0.163347302E+00-0.168853268E+00-0.173974341E+00
-0.178680809E+00-0.182942940E+00-0.186731015E+00-0.190015311E+00-0.192766089E+00
-0.194953649E+00-0.196548248E+00-0.197520167E+00-0.197839711E+00-0.197477130E+00
-0.196402705E+00-0.194586702E+00-0.191999405E+00-0.188611107E+00-0.184392084E+00
-0.179312597E+00-0.173342922E+00-0.166453359E+00-0.158614163E+00-0.149795624E+00
-0.139967995E+00-0.129101591E+00-0.117166645E+00-0.104133505E+00-0.899722707E-01
-0.746537618E-01-0.581466528E-01-0.404255146E-01-0.214508502E-01-0.120692852E-02
-0.404158500E+06-0.407622990E+06-0.412131035E+06-0.417628877E+06-0.424042381E+06
-0.431309515E+06-0.439363157E+06-0.448138046E+06-0.457568374E+06-0.467588308E+06
-0.478132241E+06-0.489134392E+06-0.500529004E+06-0.512250421E+06-0.524232851E+06
-0.536410500E+06-0.548717760E+06-0.561088862E+06-0.573458004E+06-0.585759553E+06
-0.597927726E+06-0.609896793E+06-0.621601012E+06-0.632974685E+06-0.643952004E+06
-0.654467339E+06-0.664454915E+06-0.673848986E+06-0.682583873E+06-0.690593802E+06
-0.697813015E+06-0.704175787E+06-0.709616433E+06-0.714069223E+06-0.717468401E+06
-0.719748191E+06-0.720842923E+06-0.720686835E+06-0.719214170E+06-0.716359286E+06
-0.712056378E+06-0.706239754E+06-0.698843640E+06-0.689802299E+06-0.679050053E+06
-0.666521154E+06-0.652149835E+06-0.635870429E+06-0.617617123E+06-0.597324241E+06
-0.574926076E+06-0.550356844E+06-0.523550762E+06-0.494442190E+06-0.462965363E+06
-0.429054556E+06-0.392644056E+06-0.353668084E+06-0.312061004E+06-0.267756709E+06
-0.220690787E+06-0.170793623E+06-0.118009739E+06-0.622501919E+05-0.348243140E+04
 2.912210221e-06 1.761948988e-05 4.780440213e-05 8.986444300e-05 1.516278717e-04
 2.210009698e-04 3.165868984e-04 4.309569194e-04 5.563610466e-04 6.977798184e-04
 8.586373297e-04 1.036224421e-03 1.235357020e-03 1.452146680e-03 1.692944323e-03
 1.952575054e-03 2.239031019e-03 2.545791911e-03 2.882544184e-03 3.241397440e-03
 3.633709857e-03 4.050191958e-03 4.503664095e-03 4.983207677e-03 5.502354819e-03
 6.047528237e-03 6.630825344e-03 7.233179640e-03 7.862074301e-03 8.492843248e-03
 9.133453481e-03 9.763437323e-03 1.039995532e-02 1.103207283e-02 1.168862451e-02
 1.236103661e-02 1.308188960e-02 1.384190656e-02 1.466576010e-02 1.554312557e-02
 1.649786532e-02 1.752100699e-02 1.863828301e-02 1.984461583e-02 2.116924524e-02
 2.261200175e-02 2.420305274e-02 2.593496256e-02 2.779530175e-02 2.962609380e-02
 3.086513840e-02 3.085321374e-02 3.025068343e-02 2.957802452e-02 2.898256667e-02
 2.848200686e-02 2.808009833e-02 2.775524557e-02 2.749956772e-02 2.729341947e-02
 2.713029273e-02 2.699599043e-02 2.688559517e-02 2.678986825e-02 2.670530416e-02
 8.349539939e-07 1.559620432e-05 4.410453039e-05 8.644968329e-05 1.434969163e-04
 2.150801593e-04 3.030918888e-04 4.073852033e-04 5.273591378e-04 6.636826438e-04
 8.172818925e-04 9.887313936e-04 1.179075101e-03 1.388888108e-03 1.619387069e-03
 1.871156855e-03 2.145588864e-03 2.443254925e-03 2.765687881e-03 3.113385523e-03
 3.487928770e-03 3.889600746e-03 4.319806118e-03 4.778284580e-03 5.265778862e-03
 5.780841690e-03 6.322757341e-03 6.888152100e-03 7.474551909e-03 8.077472448e-03
 8.694949560e-03 9.324708953e-03 9.968505241e-03 1.062840503e-02 1.131037995e-02
 1.201921236e-02 1.276247296e-02 1.354502514e-02 1.437315904e-02 1.525062602e-02
 1.618270017e-02 1.717223972e-02 1.822339743e-02 1.933721639e-02 2.051425911e-02
 2.174869180e-02 2.302784659e-02 2.432172187e-02 2.557523176e-02 2.669085376e-02
 2.752927132e-02 2.799546160e-02 2.817073092e-02 2.818030864e-02 2.811349370e-02
 2.802181616e-02 2.793325298e-02 2.786003985e-02 2.780689299e-02 2.777327411e-02
 2.775708959e-02 2.775479294e-02 2.776319720e-02 2.777918242e-02 2.780049294e-02
 9.022579093e-07 1.398590666e-05 4.038249608e-05 8.019830420e-05 1.337120484e-04
 2.012709301e-04 2.834256738e-04 3.805857850e-04 4.931190633e-04 6.215646281e-04
 7.665908779e-04 9.289212176e-04 1.109363744e-03 1.308744890e-03 1.527964370e-03
 1.767911366e-03 2.029537456e-03 2.313745907e-03 2.621478168e-03 2.953571035e-03
 3.310851753e-03 3.693954786e-03 4.103416111e-03 4.539451096e-03 5.002047401e-03
 5.490727723e-03 6.004699506e-03 6.542698480e-03 7.103338372e-03 7.685170975e-03
 8.287251927e-03 8.909252472e-03 9.551905096e-03 1.021682285e-02 1.090659481e-02
 1.162424684e-02 1.237318479e-02 1.315657794e-02 1.397735067e-02 1.483776048e-02
 1.573944092e-02 1.668290049e-02 1.766733453e-02 1.868975721e-02 1.974425465e-02
 2.082038671e-02 2.190161124e-02 2.296309359e-02 2.397057228e-02 2.488158830e-02
 2.565390244e-02 2.626455016e-02 2.672577463e-02 2.707027458e-02 2.733319439e-02
 2.754363790e-02 2.772279084e-02 2.788457088e-02 2.803734504e-02 2.818544209e-02
 2.833063714e-02 2.847318724e-02 2.861280181e-02 2.874941379e-02 2.888404950e-02
-3.576071322e-06 9.833322110e-06 3.478632425e-05 7.169046876e-05 1.209929906e-04
 1.831544359e-04 2.586736518e-04 3.480712767e-04 4.519050708e-04 5.708012031e-04
 7.054587477e-04 8.566406323e-04 1.025166363e-03 1.211896772e-03 1.417727210e-03
 1.643569092e-03 1.890339889e-03 2.158941235e-03 2.450244501e-03 2.765061101e-03
 3.104123985e-03 3.468048293e-03 3.857310629e-03 4.272206686e-03 4.712835420e-03
 5.179077387e-03 5.670615006e-03 6.186970044e-03 6.727600936e-03 7.292020135e-03
 7.879952900e-03 8.491454646e-03 9.127008729e-03 9.787526913e-03 1.047429536e-02
 1.118882746e-02 1.193270553e-02 1.270735916e-02 1.351388823e-02 1.435283944e-02
 1.522400137e-02 1.612612791e-02 1.705661044e-02 1.801106706e-02 1.898285747e-02
 1.996254735e-02 2.093749866e-02 2.189174294e-02 2.280662768e-02 2.366272919e-02
 2.444346063e-02 2.513969876e-02 2.575253695e-02 2.629111521e-02 2.676835284e-02
 2.719741501e-02 2.758963034e-02 2.795362659e-02 2.829526179e-02 2.861794829e-02
 2.892322652e-02 2.921139821e-02 2.948216721e-02 2.973523550e-02 2.997067384e-02
-1.429563781e-06 8.490716937e-06 2.965931162e-05 6.206224498e-05 1.058439811e-04
 1.613233762e-04 2.289492550e-04 3.092665866e-04 4.029001866e-04 5.105488235e-04
 6.329799653e-04 7.710224018e-04 9.255568148e-04 1.097504050e-03 1.287813066e-03
 1.497445744e-03 1.727361348e-03 1.978499349e-03 2.251760336e-03 2.547986805e-03
 2.867942210e-03 3.212291282e-03 3.581580939e-03 3.976226319e-03 4.396502860e-03
 4.842546303e-03 5.314370152e-03 5.811898503e-03 6.335013546e-03 6.883616094e-03
 7.457693107e-03 8.057364263e-03 8.682916872e-03 9.334800765e-03 1.001358684e-02
 1.071989071e-02 1.145426650e-02 1.221708208e-02 1.300838217e-02 1.382772811e-02
 1.467404235e-02 1.554542221e-02 1.643895172e-02 1.735049486e-02 1.827453263e-02
 1.920403168e-02 2.013048343e-02 2.104416117e-02 2.193474211e-02 2.279232815e-02
 2.360882610e-02 2.437926456e-02 2.510245331e-02 2.578052133e-02 2.641770057e-02
 2.701895125e-02 2.758883126e-02 2.813074365e-02 2.864653990e-02 2.913645469e-02
 2.959928289e-02 3.003281727e-02 3.043452278e-02 3.080249205e-02 3.113679960e-02
-8.751140740e-06 2.245173391e-06 2.158620373e-05 4.984422412e-05 8.759642515e-05
 1.354018023e-04 1.938486967e-04 2.635840210e-04 3.453255922e-04 4.398647579e-04
 5.480634281e-04 6.708471337e-04 8.091952768e-04 9.641292272e-04 1.136697945e-03
 1.327962498e-03 1.538979239e-03 1.770781586e-03 2.024362329e-03 2.300654538e-03
 2.600515494e-03 2.924710279e-03 3.273899667e-03 3.648630809e-03 4.049336072e-03
 4.476334900e-03 4.929847550e-03 5.410013255e-03 5.916917231e-03 6.450623274e-03
 7.011196576e-03 7.598732132e-03 8.213359863e-03 8.855236694e-03 9.524517693e-03
 1.022131369e-02 1.094562095e-02 1.169724483e-02 1.247571502e-02 1.328018215e-02
 1.410932373e-02 1.496124547e-02 1.583338715e-02 1.672245003e-02 1.762436330e-02
 1.853431016e-02 1.944684051e-02 2.035610378e-02 2.125623077e-02 2.214179747e-02
 2.300837636e-02 2.385293320e-02 2.467401884e-02 2.547155507e-02 2.624634653e-02
 2.699942142e-02 2.773136832e-02 2.844172902e-02 2.912853658e-02 2.978800796e-02
 3.041449189e-02 3.100067377e-02 3.153814003e-02 3.201834485e-02 3.243366629e-02
-4.329043350e-06 1.195211212e-06 1.493370837e-05 3.676641063e-05 6.679003127e-05
 1.053510787e-04 1.529819274e-04 2.103557345e-04 2.782609372e-04 3.575856390e-04
 4.493059241e-04 5.544743617e-04 6.742071710e-04 8.096698439e-04 9.620603523e-04
 1.132591628e-03 1.322471420e-03 1.532882918e-03 1.764964894e-03 2.019791864e-03
 2.298358129e-03 2.601562301e-03 2.930196701e-03 3.284940030e-03 3.666355507e-03
 4.074893892e-03 4.510901868e-03 4.974633921e-03 5.466269795e-03 5.985928234e-03
 6.533686537e-03 7.109585684e-03 7.713638246e-03 8.345820010e-03 9.006053209e-03
 9.694180451e-03 1.040992420e-02 1.115284581e-02 1.192229614e-02 1.271735784e-02
 1.353680342e-02 1.437904779e-02 1.524211373e-02 1.612362638e-02 1.702082902e-02
 1.793064363e-02 1.884976774e-02 1.977484301e-02 2.070264705e-02 2.163032629e-02
 2.255559340e-02 2.347687073e-02 2.439328469e-02 2.530450746e-02 2.621043101e-02
 2.711069211e-02 2.800411917e-02 2.888807468e-02 2.975777164e-02 3.060559370e-02
 3.142051771e-02 3.218786418e-02 3.288976848e-02 3.350697085e-02 3.402299806e-02
-1.515815075e-05-7.613049092e-06 3.918222774e-06 2.023538764e-05 4.211753912e-05
 7.029201515e-05 1.055118410e-04 1.486053225e-04 2.004981216e-04 2.622192551e-04
 3.348978644e-04 4.197546805e-04 5.180890439e-04 6.312623736e-04 7.606784347e-04
 9.077613358e-04 1.073931577e-03 1.260581659e-03 1.469051698e-03 1.700606663e-03
 1.956416760e-03 2.237541368e-03 2.544915304e-03 2.879345091e-03 3.241501749e-03
 3.631929634e-03 4.051047843e-03 4.499164876e-03 4.976488650e-03 5.483141635e-03
 6.019172259e-03 6.584561896e-03 7.179232314e-03 7.803043351e-03 8.455785923e-03
 9.137170389e-03 9.846809320e-03 1.058419328e-02 1.134867687e-02 1.213944703e-02
 1.295551099e-02 1.379568689e-02 1.465860568e-02 1.554272324e-02 1.644636504e-02
 1.736778207e-02 1.830523461e-02 1.925709844e-02 2.022199146e-02 2.119888365e-02
 2.218719386e-02 2.318683080e-02 2.419817075e-02 2.522189356e-02 2.625874244e-02
 2.730909176e-02 2.837237343e-02 2.944626100e-02 3.052558191e-02 3.160086647e-02
 3.265649080e-02 3.366851434e-02 3.460256383e-02 3.541307896e-02 3.604692593e-02
-8.043055459e-06-8.372048796e-06-4.631259799e-06 2.938276793e-06 1.439097468e-05
 3.012915113e-05 5.081400741e-05 7.730475772e-05 1.106264608e-04 1.519520883e-04
 2.025896974e-04 2.639689192e-04 3.376247187e-04 4.251765495e-04 5.283037899e-04
 6.487159408e-04 7.881217753e-04 9.481953457e-04 1.130544464e-03 1.336680492e-03
 1.567992498e-03 1.825726707e-03 2.110973466e-03 2.424657578e-03 2.767538419e-03
 3.140214132e-03 3.543131985e-03 3.976601176e-03 4.440807272e-03 4.935829900e-03
 5.461655557e-03 6.018192042e-03 6.605274044e-03 7.222672459e-03 7.870093919e-03
 8.547183126e-03 9.253514931e-03 9.988593869e-03 1.075184718e-02 1.154262479e-02
 1.236020029e-02 1.320378203e-02 1.407253277e-02 1.496559754e-02 1.588215493e-02
 1.682147197e-02 1.778297871e-02 1.876636222e-02 1.977165230e-02 2.079932764e-02
 2.185037732e-02 2.292637900e-02 2.402949892e-02 2.516245842e-02 2.632838860e-02
 2.753058076e-02 2.877204865e-02 3.005477227e-02 3.137846291e-02 3.273851424e-02
 3.412255272e-02 3.550479561e-02 3.683672845e-02 3.803223372e-02 3.894481063e-02
-2.331591713e-05-2.042147025e-05-1.932759187e-05-1.895712558e-05-1.828418863e-05
-1.637454443e-05-1.226838231e-05-4.901610282e-06 6.934164048e-06 2.460881842e-05
 4.965729022e-05 8.377371705e-05 1.287966297e-04 1.866854727e-04 2.594880643e-04
 3.493005061e-04 4.582217371e-04 5.883061094e-04 7.415168220e-04 9.196833707e-04
 1.124465838e-03 1.357328962e-03 1.619525137e-03 1.912085922e-03 2.235824708e-03
 2.591346391e-03 2.979065990e-03 3.399230307e-03 3.851941787e-03 4.337182269e-03
 4.854832310e-03 5.404690746e-03 5.986488890e-03 6.599902641e-03 7.244563196e-03
 7.920063101e-03 8.625959978e-03 9.361786768e-03 1.012705453e-02 1.092126500e-02
 1.174392179e-02 1.259455271e-02 1.347273961e-02 1.437815279e-02 1.531060506e-02
 1.627011225e-02 1.725696586e-02 1.827182621e-02 1.931582019e-02 2.039064467e-02
 2.149870247e-02 2.264321037e-02 2.382834442e-02 2.505937591e-02 2.634281106e-02
 2.768652700e-02 2.909988910e-02 3.059377335e-02 3.218037263e-02 3.387254477e-02
 3.568204492e-02 3.761544824e-02 3.966485336e-02 4.178723320e-02 4.385811463e-02
-1.282963694e-05-2.079939804e-05-3.019654469e-05-4.144400373e-05-5.457571024e-05
-6.915690756e-05-8.440032252e-05-9.924030746e-05-1.123648181e-04-1.222254650e-04
-1.270409848e-04-1.248024491e-04-1.132878169e-04-9.008924826e-05-5.265812797e-05
 1.635098897e-06 7.542972889e-05 1.713039674e-04 2.917024540e-04 4.388721136e-04
 6.148091052e-04 8.212295943e-04 1.059549279e-03 1.330877305e-03 1.636020839e-03
 1.975509804e-03 2.349633258e-03 2.758482005e-03 3.201987827e-03 3.679956309e-03
 4.192098510e-03 4.738052376e-03 5.317406263e-03 5.929715000e-03 6.574511528e-03
 7.251322269e-03 7.959674112e-03 8.699107915e-03 9.469188750e-03 1.026952360e-02
 1.109977812e-02 1.195969991e-02 1.284915581e-02 1.376816723e-02 1.471696328e-02
 1.569604501e-02 1.670625992e-02 1.774889603e-02 1.882578805e-02 1.993945800e-02
 2.109327167e-02 2.229164913e-02 2.354030311e-02 2.484658360e-02 2.621992305e-02
 2.767244726e-02 2.921984531e-02 3.088264167e-02 3.268809244e-02 3.467309475e-02
 3.688887507e-02 3.940885887e-02 4.234265909e-02 4.586264491e-02 5.025790259e-02
-3.370464765e-05-3.685417323e-05-4.933114542e-05-6.976501754e-05-9.689024591e-05
-1.295965048e-04-1.667556062e-04-2.070970222e-04-2.491314954e-04-2.911025367e-04
-3.309521126e-04-3.663001989e-04-3.944398195e-04-4.123600957e-04-4.168040177e-04
-4.043771769e-04-3.716658975e-04-3.153489088e-04-2.322990185e-04-1.197125675e-04
 2.481437150e-05 2.032714547e-04 4.172317858e-04 6.678241771e-04 9.557376616e-04
 1.281266683e-03 1.644407399e-03 2.044945490e-03 2.482516225e-03 2.956645330e-03
 3.466788214e-03 4.012357444e-03 4.592746031e-03 5.207346752e-03 5.855563097e-03
 6.536826026e-03 7.250601891e-03 7.996405475e-03 8.773813024e-03 9.582473896e-03
 1.042213477e-02 1.129265875e-02 1.219405700e-02 1.312652882e-02 1.409050450e-02
 1.508670393e-02 1.611621119e-02 1.718055271e-02 1.828181557e-02 1.942277513e-02
 2.060706913e-02 2.183941007e-02 2.312588878e-02 2.447435074e-02 2.589495666e-02
 2.740095183e-02 2.900979109e-02 3.074478917e-02 3.263763711e-02 3.473220021e-02
 3.709036112e-02 3.980095685e-02 4.299313203e-02 4.685495421e-02 5.165533349e-02
-1.886994141e-05-3.651334919e-05-6.265402044e-05-9.803158900e-05-1.429113909e-04
-1.969696750e-04-2.594390244e-04-3.291895846e-04-4.047436814e-04-4.842498456e-04
-5.654345150e-04-6.455449620e-04-7.212987402e-04-7.888612454e-04-8.438884397e-04
-8.818100323e-04-8.980870480e-04-8.883283590e-04-8.483252022e-04-7.744968170e-04
-6.640669308e-04-5.148099735e-04-3.249610309e-04-9.341890836e-05 1.801644539e-04
 4.954790929e-04 8.518781397e-04 1.248634420e-03 1.684931573e-03 2.159894910e-03
 2.672632458e-03 3.222263185e-03 3.807935631e-03 4.428842571e-03 5.084231962e-03
 5.773413926e-03 6.495767739e-03 7.250749506e-03 8.037903346e-03 8.856868371e-03
 9.707396850e-03 1.058936957e-02 1.150282193e-02 1.244797092e-02 1.342525147e-02
 1.443536207e-02 1.547932159e-02 1.655852981e-02 1.767485216e-02 1.883072592e-02
 2.002928220e-02 2.127451077e-02 2.257146686e-02 2.392655239e-02 2.534787729e-02
 2.684575692e-02 2.843339369e-02 3.012783639e-02 3.195134550e-02 3.393343836e-02
 3.611401096e-02 3.854861483e-02 4.131790623e-02 4.454645514e-02 4.844382778e-02
-4.648644608e-05-5.711893755e-05-8.648815128e-05-1.329930965e-04-1.952527236e-04
-2.721752098e-04-3.627192345e-04-4.657105601e-04-5.797101767e-04-7.028981345e-04
-8.329476696e-04-9.668739513e-04-1.100853318e-03-1.230039401e-03-1.347944140e-03
-1.447928138e-03-1.523987274e-03-1.570629538e-03-1.580995508e-03-1.550222165e-03
-1.476241159e-03-1.357004861e-03-1.189847710e-03-9.734422201e-04-7.081987569e-04
-3.962836636e-04-3.992766506e-05 3.596859460e-04 8.012141334e-04 1.283248886e-03
 1.804483472e-03 2.363696694e-03 2.959768753e-03 3.591681598e-03 4.258519970e-03
 4.959469195e-03 5.693813786e-03 6.460939068e-03 7.260331884e-03 8.091584779e-03
 8.954402991e-03 9.848616086e-03 1.077418681e-02 1.173123717e-02 1.272005774e-02
 1.374114491e-02 1.479522325e-02 1.588328369e-02 1.700662263e-02 1.816689223e-02
 1.936615258e-02 2.060692757e-02 2.189227566e-02 2.322584577e-02 2.461193129e-02
 2.605547197e-02 2.756198682e-02 2.913730964e-02 3.078691289e-02 3.251447901e-02
 3.431880474e-02 3.618736193e-02 3.808281571e-02 3.991420567e-02 4.147430137e-02
-2.606635462e-05-5.524714652e-05-1.015065354e-04-1.661160932e-04-2.498453250e-04
-3.528209345e-04-4.747241037e-04-6.148988032e-04-7.723627496e-04-9.457449778e-04
-1.133152167e-03-1.331939478e-03-1.538308687e-03-1.748548704e-03-1.948332647e-03
-2.126227366e-03-2.273696475e-03-2.384167165e-03-2.452140907e-03-2.472911496e-03
-2.442216268e-03-2.355743665e-03-2.209260827e-03-1.999911619e-03-1.728996052e-03
-1.407005242e-03-1.041810843e-03-6.303440314e-04-1.748012437e-04 3.223020176e-04
 8.593439125e-04 1.434760750e-03 2.047193469e-03 2.695451723e-03 3.378492547e-03
 4.095409065e-03 4.845416173e-03 5.627842154e-03 6.442121696e-03 7.287791930e-03
 8.164491504e-03 9.071962908e-03 1.001005061e-02 1.097871549e-02 1.197802741e-02
 1.300818194e-02 1.406949479e-02 1.516241208e-02 1.628750749e-02 1.744546741e-02
 1.863708533e-02 1.986320876e-02 2.112469077e-02 2.242228016e-02 2.375643142e-02
 2.512704395e-02 2.653297409e-02 2.797131054e-02 2.943617851e-02 3.091687895e-02
 3.239499032e-02 3.384006396e-02 3.520360216e-02 3.641197085e-02 3.736202419e-02
-6.104089698e-05-8.022149996e-05-1.290091022e-04-2.057094243e-04-3.090618702e-04
-4.383597407e-04-5.931746564e-04-7.731586229e-04-9.779233951e-04-1.206954010e-03
-1.459536492e-03-1.734700403e-03-2.018603263e-03-2.296167891e-03-2.554963576e-03
-2.785605378e-03-2.981396392e-03-3.137573600e-03-3.250512527e-03-3.317060182e-03
-3.334007226e-03-3.297683783e-03-3.203803673e-03-3.047624370e-03-2.824480878e-03
-2.530590398e-03-2.163731959e-03-1.727873459e-03-1.245182590e-03-7.237698301e-04
-1.623030548e-04 4.368140362e-04 1.072173356e-03 1.742530731e-03 2.446806757e-03
 3.184077796e-03 3.953552339e-03 4.754550755e-03 5.586490966e-03 6.448877510e-03
 7.341293618e-03 8.263397031e-03 9.214913473e-03 1.019563153e-02 1.120539568e-02
 1.224409323e-02 1.331163757e-02 1.440794300e-02 1.553289685e-02 1.668630540e-02
 1.786782593e-02 1.907687820e-02 2.031251043e-02 2.157320827e-02 2.285666764e-02
 2.415942959e-02 2.547642030e-02 2.680033073e-02 2.812078036e-02 2.942327969e-02
 3.068799712e-02 3.188848123e-02 3.299077600e-02 3.395371139e-02 3.473184630e-02
-3.382248542e-05-7.545740664e-05-1.435544691e-04-2.400929225e-04-3.665972326e-04
-5.239980528e-04-7.129283040e-04-9.339254466e-04-1.187535934e-03-1.474358723e-03
-1.795034623e-03-2.132205991e-03-2.467915183e-03-2.787934616e-03-3.081962001e-03
-3.343120450e-03-3.567118896e-03-3.751354991e-03-3.894109745e-03-3.993901890e-03
-4.048992880e-03-4.057014827e-03-4.014702979e-03-3.917715047e-03-3.760540392e-03
-3.536534496e-03-3.238299396e-03-2.859096974e-03-2.395747695e-03-1.852283487e-03
-1.254722942e-03-6.244110409e-04 4.046654794e-05 7.386438665e-04 1.469083247e-03
 2.230962273e-03 3.023588099e-03 3.846352687e-03 4.698715173e-03 5.580189638e-03
 6.490338594e-03 7.428767160e-03 8.395113982e-03 9.389039129e-03 1.041020732e-02
 1.145826839e-02 1.253282279e-02 1.363338903e-02 1.475934312e-02 1.590985991e-02
 1.708381251e-02 1.827966236e-02 1.949530840e-02 2.072789706e-02 2.197358385e-02
 2.322725020e-02 2.448216267e-02 2.572958358e-02 2.695837803e-02 2.815469354e-02
 2.930176444e-02 3.038019687e-02 3.136901557e-02 3.224819526e-02 3.300375864e-02
-7.574817573e-05-1.035976165e-04-1.721174049e-04-2.795883920e-04-4.249815247e-04
-6.081484607e-04-8.295380394e-04-1.090028905e-03-1.390891499e-03-1.733856974e-03
-2.104836982e-03-2.482319716e-03-2.849063138e-03-3.192707896e-03-3.505291184e-03
-3.782262560e-03-4.021397792e-03-4.221844487e-03-4.383358173e-03-4.505743273e-03
-4.588435870e-03-4.630210809e-03-4.628935363e-03-4.581367597e-03-4.482941236e-03
-4.327574279e-03-4.107529297e-03-3.813521238e-03-3.435362130e-03-2.963799750e-03
-2.395166084e-03-1.738906140e-03-1.038149348e-03-3.068756778e-04 4.540040973e-04
 1.244133920e-03 2.063104417e-03 2.910474781e-03 3.785795998e-03 4.688629881e-03
 5.618555006e-03 6.575164851e-03 7.558063138e-03 8.566846140e-03 9.601086378e-03
 1.066030748e-02 1.174394786e-02 1.285131555e-02 1.398153603e-02 1.513346937e-02
 1.630562916e-02 1.749605499e-02 1.870217919e-02 1.992064156e-02 2.114709467e-02
 2.237596735e-02 2.360020019e-02 2.481101640e-02 2.599769086e-02 2.714744397e-02
 2.824550495e-02 2.927542292e-02 3.021965921e-02 3.106020205e-02 3.177830949e-02
-4.113430623e-05-9.453386156e-05-1.832480193e-04-3.099009627e-04-4.766968195e-04
-6.852798979e-04-9.371206979e-04-1.233798917e-03-1.577173825e-03-1.963676652e-03
-2.368563786e-03-2.770831808e-03-3.154892474e-03-3.510524984e-03-3.831917187e-03
-4.116416909e-03-4.363372456e-03-4.573193379e-03-4.746668041e-03-4.884480499e-03
-4.986888729e-03-5.053490866e-03-5.083052907e-03-5.073339678e-03-5.020944402e-03
-4.921062849e-03-4.767248873e-03-4.551140592e-03-4.262296017e-03-3.888391657e-03
-3.416460007e-03-2.836380387e-03-2.149103209e-03-1.380367554e-03-5.869061570e-04
 2.337298647e-04 1.081342110e-03 1.955561806e-03 2.855976578e-03 3.782176180e-03
 4.733764566e-03 5.710358731e-03 6.711580325e-03 7.737037260e-03 8.786310442e-03
 9.858923033e-03 1.095431298e-02 1.207179110e-02 1.321048941e-02 1.436929498e-02
 1.554677170e-02 1.674105600e-02 1.794972084e-02 1.916963607e-02 2.039677091e-02
 2.162597701e-02 2.285075560e-02 2.406297810e-02 2.525266260e-02 2.640778758e-02
 2.751428448e-02 2.855638415e-02 2.951761335e-02 3.038302809e-02 3.114380501e-02
-8.864103438e-05-1.241272112e-04-2.099345293e-04-3.442164452e-04-5.259854952e-04
-7.553460309e-04-1.033180160e-03-1.360985567e-03-1.740905689e-03-2.156839706e-03
-2.583215479e-03-2.999882447e-03-3.392930143e-03-3.754018806e-03-4.079064354e-03
-4.366851877e-03-4.617858678e-03-4.833373241e-03-5.014881492e-03-5.163657479e-03
-5.280506331e-03-5.365592428e-03-5.418314133e-03-5.437194370e-03-5.419755355e-03
-5.362354219e-03-5.259954836e-03-5.105829332e-03-4.891187418e-03-4.604816437e-03
-4.232949577e-03-3.759932704e-03-3.170965938e-03-2.459364710e-03-1.642317511e-03
-7.900241762e-04 8.797398186e-05 9.908952052e-04 1.918192604e-03 2.869440941e-03
 3.844281659e-03 4.842394963e-03 5.863476545e-03 6.907223258e-03 7.973311469e-03
 9.061386809e-03 1.017102972e-02 1.130174100e-02 1.245289296e-02 1.362369675e-02
 1.481313165e-02 1.601987705e-02 1.724220999e-02 1.847788133e-02 1.972394437e-02
 2.097653970e-02 2.223061211e-02 2.347953059e-02 2.471462078e-02 2.592453733e-02
 2.709454671e-02 2.820573002e-02 2.923427336e-02 3.015118092e-02 3.092274815e-02
-4.712189184e-05-1.101856760e-04-2.157183335e-04-3.667172568e-04-5.656974390e-04
-8.145126631e-04-1.114755520e-03-1.468011760e-03-1.875935006e-03-2.312545432e-03
-2.752740169e-03-3.177691251e-03-3.575135488e-03-3.938328009e-03-4.264537711e-03
-4.553614184e-03-4.806844518e-03-5.026126746e-03-5.213421769e-03-5.370404106e-03
-5.498248152e-03-5.597501062e-03-5.667997524e-03-5.708789919e-03-5.718071014e-03
-5.693068728e-03-5.629875697e-03-5.523214117e-03-5.366088822e-03-5.149341188e-03
-4.861138761e-03-4.486605525e-03-4.008126445e-03-3.407661803e-03-2.673908137e-03
-1.818999648e-03-9.075478883e-04 2.617812970e-05 9.819522966e-04 1.959550893e-03
 2.958774799e-03 3.979448695e-03 5.021413323e-03 6.084514316e-03 7.168601733e-03
 8.273516782e-03 9.399090894e-03 1.054513827e-02 1.171144284e-02 1.289774012e-02
 1.410370506e-02 1.532891020e-02 1.657279022e-02 1.783457398e-02 1.911317557e-02
 2.040704712e-02 2.171391062e-02 2.303036489e-02 2.435120568e-02 2.566838078e-02
 2.696931362e-02 2.823436260e-02 2.943325974e-02 3.052086383e-02 3.143469617e-02
-9.852959192e-05-1.399303146e-04-2.389848232e-04-3.935935383e-04-6.025659386e-04
-8.658505394e-04-1.184139750e-03-1.558603370e-03-1.985767856e-03-2.436028793e-03
-2.884736750e-03-3.314211266e-03-3.713529091e-03-4.077180754e-03-4.403448198e-03
-4.692956340e-03-4.947566893e-03-5.169606768e-03-5.361369345e-03-5.524807144e-03
-5.661352072e-03-5.771818105e-03-5.856339354e-03-5.914334673e-03-5.944462959e-03
-5.944560282e-03-5.911535583e-03-5.841202103e-03-5.728010088e-03-5.564664025e-03
-5.341590848e-03-5.046306644e-03-4.662840161e-03-4.171773791e-03-3.552289447e-03
-2.789372811e-03-1.891846536e-03-9.267679998e-04 5.801517909e-05 1.062397845e-03
 2.086346969e-03 3.129866906e-03 4.192972556e-03 5.275687203e-03 6.378049497e-03
 7.500125095e-03 8.642021567e-03 9.803907014e-03 1.098602824e-02 1.218872797e-02
 1.341248211e-02 1.465792023e-02 1.592587307e-02 1.721741259e-02 1.853390411e-02
 1.987702772e-02 2.124879323e-02 2.265143208e-02 2.408711053e-02 2.555717528e-02
 2.706048824e-02 2.858975716e-02 3.012360074e-02 3.160923347e-02 3.292407095e-02
-5.146722106e-05-1.216024539e-04-2.393546019e-04-4.078829661e-04-6.297814543e-04
-9.068809450e-04-1.240689657e-03-1.632703119e-03-2.073313110e-03-2.532616025e-03
-2.986531006e-03-3.418368986e-03-3.818270750e-03-4.181667697e-03-4.507591017e-03
-4.797229078e-03-5.052857101e-03-5.277110729e-03-5.472523626e-03-5.641248543e-03
-5.784906913e-03-5.904502235e-03-6.000384688e-03-6.072226446e-03-6.119006779e-03
-6.138978992e-03-6.129615009e-03-6.087493151e-03-6.008117460e-03-5.885620601e-03
-5.712317303e-03-5.478087347e-03-5.169597454e-03-4.769544583e-03-4.256509244e-03
-3.607019316e-03-2.803609008e-03-1.856009243e-03-8.424378466e-04 1.882583747e-04
 1.236351440e-03 2.302117879e-03 3.385765245e-03 4.487463739e-03 5.607392639e-03
 6.745784543e-03 7.902965881e-03 9.079389274e-03 1.027568523e-02 1.149271056e-02
 1.273162477e-02 1.399397571e-02 1.528183557e-02 1.659796573e-02 1.794605516e-02
 1.933104917e-02 2.075959742e-02 2.224071324e-02 2.378669009e-02 2.541453950e-02
 2.714818157e-02 2.902214602e-02 3.108826652e-02 3.342887387e-02 3.618520871e-02
-1.053212836e-04-1.508644345e-04-2.590925724e-04-4.276465334e-04-6.550888647e-04
-9.411412175e-04-1.286260784e-03-1.691357116e-03-2.141632373e-03-2.607130911e-03
-3.064346267e-03-3.497427329e-03-3.897358663e-03-4.260292277e-03-4.585819785e-03
-4.875547253e-03-5.132056773e-03-5.358212162e-03-5.556727294e-03-5.729909521e-03
-5.879523698e-03-6.006719545e-03-6.112004165e-03-6.195232272e-03-6.255603861e-03
-6.291657686e-03-6.301242858e-03-6.281462964e-03-6.228553597e-03-6.137673743e-03
-6.002562121e-03-5.815016571e-03-5.564158782e-03-5.235503428e-03-4.810032900e-03
-4.263987299e-03-3.571357578e-03-2.713851398e-03-1.707312884e-03-6.522208569e-04
 4.181501281e-04 1.504621003e-03 2.607462695e-03 3.726806259e-03 4.862810485e-03
 6.015729625e-03 7.185965776e-03 8.374102414e-03 9.580958635e-03 1.080765110e-02
 1.205568668e-02 1.332708169e-02 1.462452766e-02 1.595163159e-02 1.731323823e-02
 1.871591248e-02 2.016861364e-02 2.168372087e-02 2.327856049e-02 2.497773059e-02
 2.681668289e-02 2.884719893e-02 3.114556894e-02 3.382401541e-02 3.704388440e-02
-5.431607860e-05-1.291450753e-04-2.549526398e-04-4.349231895e-04-6.715865456e-04
-9.665979305e-04-1.321183518e-03-1.736437553e-03-2.193945926e-03-2.663900377e-03
-3.123349044e-03-3.557144431e-03-3.956940025e-03-4.319444299e-03-4.644677509e-03
-4.934561439e-03-5.191910546e-03-5.419764668e-03-5.620978307e-03-5.797984544e-03
-5.952661857e-03-6.086278241e-03-6.199460942e-03-6.292199716e-03-6.363851950e-03
-6.413149182e-03-6.438196171e-03-6.436445285e-03-6.404630840e-03-6.338628940e-03
-6.233207416e-03-6.081615109e-03-5.874963477e-03-5.601345096e-03-5.244739819e-03
-4.783962388e-03-4.192607012e-03-3.442622488e-03-2.517852001e-03-1.448771567e-03
-3.602798970e-04 7.449234254e-04 1.865577186e-03 3.001141129e-03 4.151472822e-03
 5.316690076e-03 6.497122813e-03 7.693309803e-03 8.906025440e-03 1.013633236e-02
 1.138565037e-02 1.265585795e-02 1.394943148e-02 1.526963059e-02 1.662075706e-02
 1.800850220e-02 1.944045536e-02 2.092681266e-02 2.248143591e-02 2.412346564e-02
 2.587987855e-02 2.778980881e-02 2.991237864e-02 3.234189749e-02 3.523990512e-02
-1.095543921e-04-1.577496732e-04-2.717707830e-04-4.490264400e-04-6.878253189e-04
-9.876103140e-04-1.348506077e-03-1.771008130e-03-2.233706182e-03-2.706825268e-03
-3.167814575e-03-3.602054901e-03-4.001707304e-03-4.363901913e-03-4.688981455e-03
-4.979109857e-03-5.237278994e-03-5.466670264e-03-5.670252722e-03-5.850560963e-03
-6.009571254e-03-6.148646586e-03-6.268513389e-03-6.369265728e-03-6.450373679e-03
-6.510703359e-03-6.548529025e-03-6.561534479e-03-6.546785124e-03-6.500647403e-03
-6.418614183e-03-6.294998806e-03-6.122430321e-03-5.891100038e-03-5.587721709e-03
-5.194273312e-03-4.686951172e-03-4.036717117e-03-3.215308301e-03-2.215525135e-03
-1.099535730e-03 2.818223220e-05 1.167664072e-03 2.318972256e-03 3.482214408e-03
 4.657570273e-03 5.845319480e-03 7.045867387e-03 8.259775117e-03 9.487787262e-03
 1.073087938e-02 1.199030410e-02 1.326765306e-02 1.456491929e-02 1.588458382e-02
 1.722967252e-02 1.860381290e-02 2.001119033e-02 2.145635523e-02 2.294362709e-02
 2.447566949e-02 2.605026029e-02 2.765313163e-02 2.924206480e-02 3.071112931e-02
-5.602413512e-05-1.337173599e-04-2.644106280e-04-4.512542218e-04-6.966723595e-04
-1.002130914e-03-1.368589583e-03-1.796802506e-03-2.263458213e-03-2.738941461e-03
-3.201064421e-03-3.635631409e-03-4.035196267e-03-4.397210665e-03-4.722264595e-03
-5.012705456e-03-5.271667149e-03-5.502441898e-03-5.708093289e-03-5.891242996e-03
-6.053949241e-03-6.197656970e-03-6.323174108e-03-6.430678070e-03-6.519724149e-03
-6.589272060e-03-6.637708284e-03-6.662865169e-03-6.662024651e-03-6.631878205e-03
-6.568417419e-03-6.466708612e-03-6.320495158e-03-6.121562794e-03-5.858806893e-03
-5.516987760e-03-5.075312220e-03-4.506543744e-03-3.778797807e-03-2.865861403e-03
-1.778383041e-03-6.297347718e-04 5.269570975e-04 1.692294492e-03 2.866526833e-03
 4.049796145e-03 5.242238287e-03 6.444023456e-03 7.655379362e-03 8.876592852e-03
 1.010801829e-02 1.135007013e-02 1.260321215e-02 1.386791468e-02 1.514459681e-02
 1.643348113e-02 1.773436926e-02 1.904623397e-02 2.036654018e-02 2.169012651e-02
 2.300736867e-02 2.430133149e-02 2.554348856e-02 2.668801695e-02 2.766612545e-02
-1.119811641e-04-1.617542439e-04-2.791768929e-04-4.614928912e-04-7.068248815e-04
-1.014409470e-03-1.384131610e-03-1.816207077e-03-2.285623923e-03-2.762779128e-03
-3.225711407e-03-3.660523565e-03-4.060054198e-03-4.421990830e-03-4.747109488e-03
-5.037896335e-03-5.297596566e-03-5.529589485e-03-5.737018306e-03-5.922576413e-03
-6.088394206e-03-6.235984620e-03-6.366224494e-03-6.479357835e-03-6.575007457e-03
-6.652197801e-03-6.709389389e-03-6.744508166e-03-6.754969712e-03-6.737675052e-03
-6.688947324e-03-6.604374852e-03-6.478493102e-03-6.304259878e-03-6.072232034e-03
-5.769407377e-03-5.377745721e-03-4.872702993e-03-4.223033320e-03-3.395634471e-03
-2.374840435e-03-1.212980598e-03-4.308840653e-05 1.133720041e-03 2.316883067e-03
 3.506107954e-03 4.701221827e-03 5.902093370e-03 7.108581252e-03 8.320507593e-03
 9.537616745e-03 1.075954363e-02 1.198575180e-02 1.321545616e-02 1.444749441e-02
 1.568015106e-02 1.691088639e-02 1.813596301e-02 1.934990101e-02 2.054474689e-02
 2.170910873e-02 2.282697521e-02 2.387641743e-02 2.482839674e-02 2.564598620e-02
-5.697000961e-05-1.362850744e-04-2.697384334e-04-4.604428832e-04-7.107415586e-04
-1.021970413e-03-1.394918188e-03-1.830132096e-03-2.301686909e-03-2.780111041e-03
-3.243661486e-03-3.678679699e-03-4.078221507e-03-4.440153018e-03-4.765386693e-03
-5.056516267e-03-5.316869821e-03-5.549897905e-03-5.758807529e-03-5.946351215e-03
-6.114718504e-03-6.265479606e-03-6.399570499e-03-6.517287344e-03-6.618303712e-03
-6.701692939e-03-6.765962113e-03-6.809093058e-03-6.828580517e-03-6.821453106e-03
-6.784248631e-03-6.712902803e-03-6.602503359e-03-6.446844433e-03-6.237705238e-03
-5.963786505e-03-5.609274842e-03-5.152168684e-03-4.563110881e-03-3.807148430e-03
-2.855225001e-03-1.720308093e-03-5.348160630e-04 6.537714507e-04 1.845197985e-03
 3.039314412e-03 4.235946108e-03 5.434833933e-03 6.635594182e-03 7.837693207e-03
 9.040413424e-03 1.024280488e-02 1.144363265e-02 1.264129207e-02 1.383370254e-02
 1.501816604e-02 1.619119383e-02 1.734827645e-02 1.848365739e-02 1.959007606e-02
 2.065861970e-02 2.167885937e-02 2.263960801e-02 2.353119664e-02 2.435087785e-02
-1.132543839e-04-1.638899266e-04-2.831532329e-04-4.681910796e-04-7.170162862e-04
-1.028743805e-03-1.403120579e-03-1.840206794e-03-2.313128207e-03-2.792392857e-03
-3.256365424e-03-3.691536840e-03-4.091108683e-03-4.453070927e-03-4.778433591e-03
-5.069866776e-03-5.330761429e-03-5.564621184e-03-5.774702877e-03-5.963806063e-03
-6.134166848e-03-6.287402939e-03-6.424494088e-03-6.545780227e-03-6.650973111e-03
-6.739178672e-03-6.808933802e-03-6.858251989e-03-6.884672679e-03-6.885296665e-03
-6.856791675e-03-6.795318332e-03-6.696333177e-03-6.554207765e-03-6.361582782e-03
-6.108395755e-03-5.780516192e-03-5.358049180e-03-4.813760985e-03-4.113337491e-03
-3.222566098e-03-2.133915201e-03-9.325176361e-04 2.666530781e-04 1.464819070e-03
 2.662475221e-03 3.859670134e-03 5.056138150e-03 6.251350511e-03 7.444532588e-03
 8.634648286e-03 9.820372798e-03 1.100005396e-02 1.217164472e-02 1.333264541e-02
 1.448001154e-02 1.561006717e-02 1.671841182e-02 1.779983565e-02 1.884826273e-02
 1.985672303e-02 2.081734315e-02 2.172122709e-02 2.255772054e-02 2.331162989e-02
-5.743394286e-05-1.375617576e-04-2.723988728e-04-4.650344490e-04-7.177655352e-04
-1.031858381e-03-1.408011885e-03-1.846667845e-03-2.320631174e-03-2.800511196e-03
-3.264791798e-03-3.700083587e-03-4.099694546e-03-4.461699165e-03-4.787174985e-03
-5.078846123e-03-5.340145901e-03-5.574616604e-03-5.785548128e-03-5.975776818e-03
-6.147571839e-03-6.302586757e-03-6.441832054e-03-6.565680262e-03-6.673869677e-03
-6.765527651e-03-6.839209702e-03-6.892946549e-03-6.924296264e-03-6.930400152e-03
-6.907998584e-03-6.853386294e-03-6.762249861e-03-6.629328243e-03-6.447821856e-03
-6.208479404e-03-5.898290314e-03-5.498788320e-03-4.984274041e-03-4.321217071e-03
-3.472856013e-03-2.419546014e-03-1.214829041e-03-1.230552880e-05 1.188318711e-03
 2.387050074e-03 3.583629150e-03 4.777550697e-03 5.968066864e-03 7.154180203e-03
 8.334627375e-03 9.507850744e-03 1.067196857e-02 1.182473823e-02 1.296351571e-02
 1.408522204e-02 1.518631168e-02 1.626276597e-02 1.731011271e-02 1.832350157e-02
 1.929789037e-02 2.022841386e-02 2.111115865e-02 2.194487862e-02 2.273506671e-02
-1.137953150e-04-1.648096077e-04-2.848760341e-04-4.710979119e-04-7.214385550e-04
-1.034958288e-03-1.411343110e-03-1.850584405e-03-2.325015375e-03-2.805196913e-03
-3.269635374e-03-3.704993054e-03-4.104629159e-03-4.466665909e-03-4.792218097e-03
-5.084040575e-03-5.345590878e-03-5.580435973e-03-5.791885778e-03-5.982797127e-03
-6.155461073e-03-6.311551668e-03-6.452101283e-03-6.577499211e-03-6.687499583e-03
-6.781245116e-03-6.857299712e-03-6.913699210e-03-6.948013324e-03-6.957398728e-03
-6.938632578e-03-6.888078526e-03-6.801546086e-03-6.673974916e-03-6.498875096e-03
-6.267445628e-03-5.967296194e-03-5.580756348e-03-5.082993302e-03-4.440977238e-03
-3.616770962e-03-2.584632253e-03-1.381578972e-03-1.794585842e-04 1.021091710e-03
 2.219470683e-03 3.415015526e-03 4.606937990e-03 5.794276018e-03 6.975856610e-03
 8.150264621e-03 9.315811098e-03 1.047050208e-02 1.161201578e-02 1.273768209e-02
 1.384446770e-02 1.492897794e-02 1.598746702e-02 1.701588556e-02 1.800991967e-02
 1.896505058e-02 1.987651922e-02 2.073902264e-02 2.154555544e-02 2.228395082e-02
-5.757390318e-05-1.379502210e-04-2.732108405e-04-4.664369917e-04-7.199111278e-04
-1.034877379e-03-1.412007026e-03-1.851709792e-03-2.326406073e-03-2.806732198e-03
-3.271241672e-03-3.706627991e-03-4.106276203e-03-4.468325526e-03-4.793904722e-03
-5.085779354e-03-5.347417202e-03-5.582389887e-03-5.794017110e-03-5.985162221e-03
-6.158124655e-03-6.314582657e-03-6.455578841e-03-6.581507158e-03-6.692128256e-03
-6.786587648e-03-6.863453425e-03-6.920763291e-03-6.956088357e-03-6.966591347e-03
-6.949057803e-03-6.899875123e-03-6.814891007e-03-6.689109839e-03-6.516141817e-03
-6.287331227e-03-5.990490783e-03-5.608206615e-03-5.115927663e-03-4.480799194e-03
-3.664539894e-03-2.639541635e-03-1.437640050e-03-2.360749641e-04 9.641752113e-04
 2.162266290e-03 3.357365727e-03 4.548564553e-03 5.734812468e-03 6.914868485e-03
 8.087263443e-03 9.250260890e-03 1.040183753e-02 1.153965015e-02 1.266103145e-02
 1.376297511e-02 1.484215632e-02 1.589495689e-02 1.691753045e-02 1.790591888e-02
 1.885622554e-02 1.976495981e-02 2.062971331e-02 2.145072259e-02 2.223476022e-02
-1.138011066e-04-1.648193138e-04-2.848940785e-04-4.711282090e-04-7.214845973e-04
-1.035022899e-03-1.411428326e-03-1.850691857e-03-2.325137611e-03-2.805327298e-03
-3.269769251e-03-3.705126699e-03-4.104761872e-03-4.466797225e-03-4.792349413e-03
-5.084173754e-03-5.345729180e-03-5.580581725e-03-5.792043637e-03-5.982970819e-03
-6.155656185e-03-6.311773323e-03-6.452355068e-03-6.577792112e-03-6.687838119e-03
-6.781635806e-03-6.857749075e-03-6.914215162e-03-6.948601454e-03-6.958066486e-03
-6.939386018e-03-6.888927426e-03-6.802501157e-03-6.675052457e-03-6.500098389e-03
-6.268847734e-03-5.968926009e-03-5.582680460e-03-5.085296929e-03-4.443756770e-03
-3.620091127e-03-2.588412492e-03-1.385350246e-03-1.831594855e-04 1.017498085e-03
 2.216004301e-03 3.411685815e-03 4.603747278e-03 5.791222211e-03 6.972937379e-03
 8.147474378e-03 9.313143790e-03 1.046795398e-02 1.160957944e-02 1.273535378e-02
 1.384224091e-02 1.492684707e-02 1.598542929e-02 1.701393351e-02 1.800805144e-02
 1.896326058e-02 1.987480558e-02 2.073737793e-02 2.154398151e-02 2.228243649e-02
-5.744033115e-05-1.375792635e-04-2.724352235e-04-4.650970222e-04-7.178611122e-04
-1.031992608e-03-1.408189302e-03-1.846891595e-03-2.320885658e-03-2.800782677e-03
-3.265069798e-03-3.700361820e-03-4.099970218e-03-4.461972043e-03-4.787447397e-03
-5.079122260e-03-5.340430886e-03-5.574916955e-03-5.785872694e-03-5.976133514e-03
-6.147970911e-03-6.303038914e-03-6.442349870e-03-6.566275842e-03-6.674555596e-03
-6.766318344e-03-6.840120070e-03-6.893988233e-03-6.925484166e-03-6.931748241e-03
-6.909523159e-03-6.855105050e-03-6.764187943e-03-6.631520577e-03-6.450319197e-03
-6.211355329e-03-5.901650060e-03-5.502777174e-03-4.989079665e-03-4.327045754e-03
-3.479840234e-03-2.427472500e-03-1.222601742e-03-1.983917173e-05 1.181065571e-03
 2.380093094e-03 3.576970892e-03 4.771185108e-03 5.961984862e-03 7.148370147e-03
 8.329076692e-03 9.502547793e-03 1.066690218e-02 1.181989443e-02 1.295888424e-02
 1.408079267e-02 1.518207509e-02 1.625871286e-02 1.730623282e-02 1.831978559e-02
 1.929433085e-02 2.022500522e-02 2.110789344e-02 2.194175124e-02 2.273208089e-02
-1.132738398e-04-1.639223192e-04-2.832132159e-04-4.682918661e-04-7.171693142e-04
-1.028958592e-03-1.403404633e-03-1.840564888e-03-2.313535893e-03-2.792828018e-03
-3.256811062e-03-3.691982245e-03-4.091549199e-03-4.453506321e-03-4.778866656e-03
-5.070304964e-03-5.331212655e-03-5.565095693e-03-5.775212310e-03-5.964363925e-03
-6.134788506e-03-6.288104225e-03-6.425294094e-03-6.546697579e-03-6.652027834e-03
-6.740391720e-03-6.810326129e-03-6.859845947e-03-6.886488292e-03-6.887358148e-03
-6.859124172e-03-6.797953509e-03-6.699313875e-03-6.557592656e-03-6.365458481e-03
-6.112887058e-03-5.785800517e-03-5.364370067e-03-4.821431357e-03-4.122697748e-03
-3.233805764e-03-2.146584215e-03-9.445986361e-04 2.551525831e-04 1.453870093e-03
 2.652045339e-03 3.849728964e-03 5.046657287e-03 6.242304575e-03 7.435898297e-03
 8.626403287e-03 9.812497534e-03 1.099252794e-02 1.216445118e-02 1.332576759e-02
 1.447343268e-02 1.560377330e-02 1.671238802e-02 1.779407077e-02 1.884274185e-02
 1.985143125e-02 2.081227303e-02 2.171636745e-02 2.255305648e-02 2.330714278e-02
-5.698500900e-05-1.363257907e-04-2.698227472e-04-4.605880531e-04-7.109633298e-04
-1.022282522e-03-1.395331230e-03-1.830653637e-03-2.302281093e-03-2.780745039e-03
-3.244310617e-03-3.679328132e-03-4.078861792e-03-4.440784920e-03-4.766014405e-03
-5.057149101e-03-5.317518488e-03-5.550576840e-03-5.759532563e-03-5.947140977e-03
-6.115593016e-03-6.266462617e-03-6.400685292e-03-6.518560462e-03-6.619762164e-03
-6.703365594e-03-6.767877843e-03-6.811281666e-03-6.831073668e-03-6.824284792e-03
-6.787457503e-03-6.716538221e-03-6.606630050e-03-6.451554596e-03-6.243129726e-03
-5.970112979e-03-5.616767332e-03-5.161185283e-03-4.574095830e-03-3.820547834e-03
-2.871184144e-03-1.737933606e-03-5.511233467e-04 6.384635344e-04 1.830721158e-03
 3.025569255e-03 4.222866613e-03 5.422370043e-03 6.623706780e-03 7.826348767e-03
 9.029579349e-03 1.023245510e-02 1.143374108e-02 1.263183542e-02 1.382465847e-02
 1.500951499e-02 1.618291251e-02 1.734035090e-02 1.847606711e-02 1.958280429e-02
 2.065165527e-02 2.167218551e-02 2.263321355e-02 2.352507226e-02 2.434502728e-02
-1.120209199e-04-1.618196693e-04-2.792976156e-04-4.616955703e-04-7.071330328e-04
-1.014842885e-03-1.384706120e-03-1.816933742e-03-2.286452800e-03-2.763664117e-03
-3.226617817e-03-3.661428345e-03-4.060946405e-03-4.422869999e-03-4.747980274e-03
-5.038770847e-03-5.298488308e-03-5.530518014e-03-5.738004576e-03-5.923643708e-03
-6.089568604e-03-6.237295922e-03-6.367703900e-03-6.481038872e-03-6.576924119e-03
-6.654388737e-03-6.711892784e-03-6.747364532e-03-6.758222356e-03-6.741372403e-03
-6.693146657e-03-6.609147415e-03-6.483936217e-03-6.310507655e-03-6.079473533e-03
-5.777907092e-03-5.387865473e-03-4.884907510e-03-4.237838089e-03-3.413374536e-03
-2.395013114e-03-1.232895302e-03-6.230911094e-05 1.115322229e-03 2.299322048e-03
 3.489357419e-03 4.685243592e-03 5.886845756e-03 7.094025612e-03 8.306606673e-03
 9.524336085e-03 1.074685063e-02 1.197361760e-02 1.320385095e-02 1.443639211e-02
 1.566952467e-02 1.690071635e-02 1.812622324e-02 1.934057102e-02 2.053580806e-02
 2.170054242e-02 2.281876095e-02 2.386853658e-02 2.482083067e-02 2.563870326e-02
-5.605250044e-05-1.337935100e-04-2.645679633e-04-4.515252949e-04-6.970875547e-04
-1.002717065e-03-1.369368518e-03-1.797790173e-03-2.264587209e-03-2.740148222e-03
-3.202300519e-03-3.636865644e-03-4.036413040e-03-4.398407415e-03-4.723447375e-03
-5.013888236e-03-5.272869021e-03-5.503685214e-03-5.709405523e-03-5.892653484e-03
-6.055491511e-03-6.199366413e-03-6.325091235e-03-6.432842929e-03-6.522182375e-03
-6.592071615e-03-6.640898529e-03-6.666501053e-03-6.666165311e-03-6.636591628e-03
-6.573786959e-03-6.472840440e-03-6.327528972e-03-6.129691377e-03-5.868295208e-03
-5.528196692e-03-5.088721402e-03-4.522736184e-03-3.798349295e-03-2.888950054e-03
-1.803837833e-03-6.535486900e-04 5.044019199e-04 1.670825644e-03 2.846051706e-03
 4.030252807e-03 5.223575514e-03 6.426197942e-03 7.638347801e-03 8.860317059e-03
 1.009245962e-02 1.133519318e-02 1.258898061e-02 1.385429967e-02 1.513156667e-02
 1.642100513e-02 1.772242226e-02 1.903478801e-02 2.035557292e-02 2.167961560e-02
 2.299729176e-02 2.429166995e-02 2.553422190e-02 2.667913772e-02 2.765763365e-02
-1.096262204e-04-1.578665251e-04-2.719856275e-04-4.493878223e-04-6.883767201e-04
-9.883898310e-04-1.349545200e-03-1.772330608e-03-2.235221444e-03-2.708448563e-03
-3.169480013e-03-3.603718942e-03-4.003347363e-03-4.365513101e-03-4.690571688e-03
-4.980694968e-03-5.238882266e-03-5.468320567e-03-5.671983585e-03-5.852408707e-03
-6.011577323e-03-6.150854286e-03-6.270972081e-03-6.372026168e-03-6.453493610e-03
-6.514242850e-03-6.552553736e-03-6.566116121e-03-6.552007515e-03-6.506608333e-03
-6.425433327e-03-6.302830763e-03-6.131479051e-03-5.901638884e-03-5.600112956e-03
-5.208986811e-03-4.704549443e-03-4.057759885e-03-3.240028396e-03-2.243051073e-03
-1.126540359e-03 2.050775947e-06 1.142532565e-03 2.294874517e-03 3.459142987e-03
 4.635499325e-03 5.824213382e-03 7.025687024e-03 8.240479045e-03 9.469334036e-03
 1.071322989e-02 1.197341830e-02 1.325149275e-02 1.454945188e-02 1.586977392e-02
 1.721548848e-02 1.859022118e-02 1.999816298e-02 2.144386619e-02 2.293165028e-02
 2.446418069e-02 2.603923716e-02 2.764254808e-02 2.923189290e-02 3.070133179e-02
-5.436514766e-05-1.292754896e-04-2.552219958e-04-4.353889090e-04-6.723038387e-04
-9.676176123e-04-1.322549884e-03-1.738185761e-03-2.195957582e-03-2.666062210e-03
-3.125572810e-03-3.559370060e-03-3.959136549e-03-4.321602639e-03-4.646805115e-03
-4.936677869e-03-5.194043275e-03-5.421949085e-03-5.623256788e-03-5.800400395e-03
-5.955266766e-03-6.089124829e-03-6.202609744e-03-6.295715459e-03-6.367805880e-03
-6.417618133e-03-6.443267222e-03-6.442217156e-03-6.411219016e-03-6.346174516e-03
-6.241886411e-03-6.091655232e-03-5.886663683e-03-5.615096539e-03-5.261045415e-03
-4.803428426e-03-4.215846770e-03-3.469948890e-03-2.548485296e-03-1.479293220e-03
-3.901036107e-04 7.160791429e-04 1.837832038e-03 2.974531380e-03 4.125991371e-03
 5.292308051e-03 6.473800167e-03 7.671002299e-03 8.884688839e-03 1.011592057e-02
 1.136611775e-02 1.263716072e-02 1.393153053e-02 1.525248680e-02 1.660433225e-02
 1.799276285e-02 1.942536607e-02 2.091234364e-02 2.246755734e-02 2.411014959e-02
 2.586709894e-02 2.777754329e-02 2.990060672e-02 3.233060241e-02 3.522909060e-02
-1.054409440e-04-1.510574075e-04-2.594471443e-04-4.282456357e-04-6.560095353e-04
-9.424546151e-04-1.288030762e-03-1.693638158e-03-2.144272672e-03-2.609983785e-03
-3.067293437e-03-3.500388237e-03-3.900288371e-03-4.263174720e-03-4.588662181e-03
-4.878371488e-03-5.134896841e-03-5.361111369e-03-5.559734069e-03-5.733079743e-03
-5.882918369e-03-6.010405254e-03-6.116055418e-03-6.199729163e-03-6.260637194e-03
-6.297327578e-03-6.307665259e-03-6.288772449e-03-6.236913614e-03-6.147286389e-03
-6.013684906e-03-5.827982444e-03-5.579402205e-03-5.253584590e-03-4.831642844e-03
-4.289897624e-03-3.602203680e-03-2.749541774e-03-1.745804795e-03-6.879224675e-04
 3.845183237e-04 1.472704462e-03 2.577067353e-03 3.697809763e-03 4.835121799e-03
 5.989274941e-03 7.160678040e-03 8.349921554e-03 9.557826445e-03 1.078551542e-02
 1.203449816e-02 1.330679003e-02 1.460509002e-02 1.593300514e-02 1.729538292e-02
 1.869879104e-02 2.015219070e-02 2.166796103e-02 2.326343395e-02 2.496320941e-02
 2.680273540e-02 2.883379906e-02 3.113269061e-02 3.381162509e-02 3.703193367e-02
-5.154523387e-05-1.218083707e-04-2.397809003e-04-4.086242116e-04-6.309326272e-04
-9.085352649e-04-1.242936705e-03-1.635627355e-03-2.076729434e-03-2.536338987e-03
-2.990406239e-03-3.422286361e-03-3.822165774e-03-4.185513593e-03-4.511390347e-03
-4.801005125e-03-5.056650378e-03-5.280971527e-03-5.476512015e-03-5.645432044e-03
-5.789360497e-03-5.909309722e-03-6.005637348e-03-6.078027654e-03-6.125471089e-03
-6.146238651e-03-6.137824617e-03-6.096838973e-03-6.018827204e-03-5.897981580e-03
-5.726696458e-03-5.494956393e-03-5.189555231e-03-4.793322179e-03-4.284915049e-03
-3.640724579e-03-2.842584392e-03-1.898333197e-03-8.825313998e-04 1.503422682e-04
 1.200432540e-03 2.268012380e-03 3.353315871e-03 4.456541035e-03 5.577888805e-03
 6.717607845e-03 7.876035757e-03 9.053634480e-03 1.025104057e-02 1.146911830e-02
 1.270902902e-02 1.397232432e-02 1.526108105e-02 1.657806337e-02 1.792696305e-02
 1.931273006e-02 2.074201219e-02 2.222382650e-02 2.377047203e-02 2.539895661e-02
 2.713320591e-02 2.900775336e-02 3.107443266e-02 3.341558576e-02 3.617246449e-02
-9.871119983e-05-1.402215130e-04-2.395203483e-04-3.945027420e-04-6.039738655e-04
-8.678794838e-04-1.186912181e-03-1.562248217e-03-1.990097342e-03-2.440818585e-03
-2.889784519e-03-3.319364507e-03-3.718691878e-03-4.082307220e-03-4.408531357e-03
-4.698019475e-03-4.952653777e-03-5.174778402e-03-5.366696976e-03-5.530373659e-03
-5.667251069e-03-5.778152030e-03-5.863224622e-03-5.921902601e-03-5.952863023e-03
-5.953968037e-03-5.922160577e-03-5.853297189e-03-5.741892848e-03-5.580732599e-03
-5.360353272e-03-5.068395752e-03-4.689020105e-03-4.202868789e-03-3.588953521e-03
-2.831500722e-03-1.937416848e-03-9.701644885e-04 1.673713086e-05 1.023151097e-03
 2.049016068e-03 3.094326938e-03 4.159102682e-03 5.243375432e-03 6.347194780e-03
 7.470637094e-03 8.613819256e-03 9.776916355e-03 1.096018124e-02 1.216396503e-02
 1.338874549e-02 1.463515591e-02 1.590403542e-02 1.719645411e-02 1.851378009e-02
 1.985770091e-02 2.123022452e-02 2.263358794e-02 2.406995557e-02 2.554067783e-02
 2.704462036e-02 2.857448906e-02 3.010890074e-02 3.159507364e-02 3.291039541e-02
-4.723431994e-05-1.104808180e-04-2.163301979e-04-3.677850764e-04-5.673631676e-04
-8.169169887e-04-1.118031912e-03-1.472275238e-03-1.881257282e-03-2.318604384e-03
-2.759248717e-03-3.184429137e-03-3.581957659e-03-3.945155535e-03-4.271347076e-03
-4.560422152e-03-4.813697655e-03-5.033093970e-03-5.220589694e-03-5.377874244e-03
-5.506136920e-03-5.605939310e-03-5.677133333e-03-5.718793254e-03-5.729140714e-03
-5.705436692e-03-5.643824115e-03-5.539087579e-03-5.384315271e-03-5.170451477e-03
-4.885787144e-03-4.515563138e-03-4.042211920e-03-3.447507042e-03-2.719350159e-03
-1.867822488e-03-9.538686718e-04-1.786323264e-05 9.400245617e-04 1.919599716e-03
 2.920677653e-03 3.943092190e-03 4.986690823e-03 6.051328033e-03 7.136860397e-03
 8.243137039e-03 9.369997308e-03 1.051726006e-02 1.168471389e-02 1.287210267e-02
 1.407910138e-02 1.530529000e-02 1.655010693e-02 1.781277917e-02 1.909223013e-02
 2.038690634e-02 2.169454470e-02 2.301173471e-02 2.433327958e-02 2.565112524e-02
 2.695270069e-02 2.821836807e-02 2.941786125e-02 3.050604276e-02 3.142045811e-02
-8.888975572e-05-1.245245658e-04-2.106666943e-04-3.454653488e-04-5.279310863e-04
-7.581687532e-04-1.037061797e-03-1.366108772e-03-1.747451257e-03-2.164446982e-03
-2.591535915e-03-3.008629195e-03-3.401899012e-03-3.763087559e-03-4.088180605e-03
-4.376017954e-03-4.627120215e-03-4.842808470e-03-5.024590995e-03-5.173767451e-03
-5.291162524e-03-5.376962014e-03-5.430589430e-03-5.450599827e-03-5.434553605e-03
-5.378856789e-03-5.278537981e-03-5.126945209e-03-4.915380385e-03-4.632726777e-03
-4.265283700e-03-3.797363723e-03-3.213881981e-03-2.507374156e-03-1.693447819e-03
-8.383836830e-04 4.199540854e-05 9.470594814e-04 1.876335358e-03 2.829434583e-03
 3.806018503e-03 4.805777688e-03 5.828415509e-03 6.873634644e-03 7.941119373e-03
 9.030515328e-03 1.014141366e-02 1.127331331e-02 1.242559683e-02 1.359747630e-02
 1.478793379e-02 1.599565335e-02 1.721891575e-02 1.845547371e-02 1.970238052e-02
 2.095578611e-02 2.221062966e-02 2.346028760e-02 2.469608188e-02 2.590667270e-02
 2.707732841e-02 2.818913199e-02 2.921826579e-02 3.013572842e-02 3.090780042e-02
-4.127942520e-05-9.491454693e-05-1.840409532e-04-3.112947161e-04-4.788923252e-04
-6.884914474e-04-9.415798704e-04-1.239764271e-03-1.584949903e-03-1.972951693e-03
-2.378957113e-03-2.781989984e-03-3.166537033e-03-3.522468731e-03-3.844059771e-03
-4.128732253e-03-4.375893157e-03-4.586000461e-03-4.759878851e-03-4.898247309e-03
-5.001394078e-03-5.068951286e-03-5.099720787e-03-5.091512110e-03-5.040966906e-03
-4.943347070e-03-4.792274442e-03-4.579463042e-03-4.294523504e-03-3.925118130e-03
-3.458079649e-03-2.882688772e-03-2.198479837e-03-1.428740332e-03-6.344700814e-04
 1.875870512e-04 1.036843518e-03 1.912762993e-03 2.814861014e-03 3.742696717e-03
 4.695860669e-03 5.673965905e-03 6.676631980e-03 7.703469135e-03 8.754057810e-03
 9.827926755e-03 1.092451345e-02 1.204313431e-02 1.318292320e-02 1.434276998e-02
 1.552124042e-02 1.671647280e-02 1.792604476e-02 1.914682984e-02 2.037479542e-02
 2.160479687e-02 2.283033542e-02 2.404328808e-02 2.523367293e-02 2.638946846e-02
 2.749660984e-02 2.853932790e-02 2.950115688e-02 3.036715835e-02 3.112852387e-02
-7.604914572e-05-1.040783245e-04-1.730059594e-04-2.811116865e-04-4.273699888e-04
-6.116419681e-04-8.343906375e-04-1.096512540e-03-1.399296103e-03-1.744479756e-03
-2.117259428e-03-2.496103290e-03-2.863825066e-03-3.208161099e-03-3.521254985e-03
-3.798654070e-03-4.038218874e-03-4.239165224e-03-4.401307087e-03-4.524498247e-03
-4.608224612e-03-4.651307594e-03-4.651666619e-03-4.606110975e-03-4.510134459e-03
-4.357714672e-03-4.141159821e-03-3.851182759e-03-3.477491206e-03-3.010520479e-03
-2.445841208e-03-1.791732153e-03-1.088125398e-03-3.547709202e-04 4.078076454e-04
 1.199525315e-03 2.020048210e-03 2.868945943e-03 3.745765192e-03 4.650059622e-03
 5.581401754e-03 6.539382041e-03 7.523600012e-03 8.533652872e-03 9.569114074e-03
 1.062950678e-02 1.171427127e-02 1.282271650e-02 1.395397075e-02 1.510689501e-02
 1.628000475e-02 1.747134328e-02 1.867833920e-02 1.989763975e-02 2.112489752e-02
 2.235453948e-02 2.357951552e-02 2.479104325e-02 2.597840130e-02 2.712881193e-02
 2.822750434e-02 2.925802767e-02 3.020284139e-02 3.104393370e-02 3.176254034e-02
-3.398608533e-05-7.588658627e-05-1.444500231e-04-2.416704665e-04-3.690881131e-04
-5.276498850e-04-7.180071552e-04-9.407192701e-04-1.196358120e-03-1.485552290e-03
-1.808978501e-03-2.148412634e-03-2.485896228e-03-2.807282144e-03-3.102383344e-03
-3.364445874e-03-3.589291591e-03-3.774412209e-03-3.918169532e-03-4.019154701e-03
-4.075701348e-03-4.085508641e-03-4.045368172e-03-3.950978629e-03-3.796851961e-03
-3.576338757e-03-3.281962126e-03-2.906659618e-03-2.446632599e-03-1.905044657e-03
-1.305222861e-03-6.734388298e-04-6.903856956e-06 6.928882794e-04 1.424854971e-03
 2.188191749e-03 2.982225269e-03 3.806359367e-03 4.660056438e-03 5.542831030e-03
 6.454245653e-03 7.393903565e-03 8.361442015e-03 9.356520139e-03 1.037880406e-02
 1.142793987e-02 1.250353362e-02 1.360510103e-02 1.473201998e-02 1.588346623e-02
 1.705831289e-02 1.825502329e-02 1.947149821e-02 2.070488594e-02 2.195134014e-02
 2.320574783e-02 2.446136996e-02 2.570947632e-02 2.693893574e-02 2.813588642e-02
 2.928357199e-02 3.036259674e-02 3.135199100e-02 3.223173693e-02 3.298787400e-02
-6.135666627e-05-8.072665514e-05-1.299439755e-04-2.073133364e-04-3.115783911e-04
-4.420430632e-04-5.982959410e-04-7.800126332e-04-9.868365014e-04-1.218296820e-03
-1.473742188e-03-1.752294716e-03-2.039039740e-03-2.318952233e-03-2.579692984e-03
-2.812015591e-03-3.009354929e-03-3.167047398e-03-3.281552345e-03-3.349804319e-03
-3.368692705e-03-3.334643319e-03-3.243395360e-03-3.090135986e-03-2.870023716e-03
-2.579051768e-03-2.214877401e-03-1.780271414e-03-1.295160619e-03-7.723123417e-04
-2.094031224e-04 3.910697415e-04 1.027760794e-03 1.699424116e-03 2.404974075e-03
 3.143487265e-03 3.914175089e-03 4.716360476e-03 5.549463443e-03 6.412987132e-03
 7.306515705e-03 8.229705505e-03 9.182280861e-03 1.016403176e-02 1.117479894e-02
 1.221447065e-02 1.328295935e-02 1.438018121e-02 1.550602354e-02 1.666028984e-02
 1.784264296e-02 1.905249804e-02 2.028890513e-02 2.155035548e-02 2.283453755e-02
 2.413800173e-02 2.545566857e-02 2.678023465e-02 2.810131386e-02 2.940442413e-02
 3.066973016e-02 3.187078238e-02 3.297362104e-02 3.393707424e-02 3.471568599e-02
-2.622661304e-05-5.566874825e-05-1.023864679e-04-1.676649263e-04-2.522876603e-04
-3.563956707e-04-4.796866560e-04-6.215252215e-04-7.809560047e-04-9.566443041e-04
-1.146747731e-03-1.348696649e-03-1.558810938e-03-1.772484044e-03-1.975217136e-03
-2.155784750e-03-2.305800095e-03-2.418662654e-03-2.488842700e-03-2.511672443e-03
-2.483018674e-03-2.398829674e-03-2.254790626e-03-2.047622576e-03-1.777701662e-03
-1.453996054e-03-1.088195830e-03-6.762635894e-04-2.198827860e-04 2.781370422e-04
 8.161457954e-04 1.392552746e-03 2.005990595e-03 2.655260265e-03 3.339313669e-03
 4.057239275e-03 4.808248486e-03 5.591667723e-03 6.406930741e-03 7.253572345e-03
 8.131229319e-03 9.039643221e-03 9.978658520e-03 1.094823051e-02 1.194843184e-02
 1.297945343e-02 1.404161379e-02 1.513535995e-02 1.626125909e-02 1.742000319e-02
 1.861238293e-02 1.983924583e-02 2.110144682e-02 2.239973098e-02 2.373456024e-02
 2.510582842e-02 2.651239559e-02 2.795134857e-02 2.941681258e-02 3.089809045e-02
 3.237676620e-02 3.382238373e-02 3.518645093e-02 3.639534488e-02 3.734593093e-02
-4.677575998e-05-5.758390034e-05-8.734906442e-05-1.344670454e-04-1.975570776e-04
-2.755319292e-04-3.673580359e-04-4.718711134e-04-5.876434734e-04-7.128663128e-04
-8.452199399e-04-9.817139944e-04-1.118486980e-03-1.250572968e-03-1.371468999e-03
-1.474679797e-03-1.554542687e-03-1.604580320e-03-1.617412316e-03-1.587972394e-03
-1.514053205e-03-1.395584783e-03-1.229455229e-03-1.013991423e-03-7.493069861e-04
-4.374268465e-04-8.094309305e-05 3.189218987e-04 7.608474698e-04 1.243391540e-03
 1.765219844e-03 2.325089648e-03 2.921865555e-03 3.554517403e-03 4.222120624e-03
 4.923852161e-03 5.658991635e-03 6.426920183e-03 7.227119990e-03 8.059180342e-03
 8.922804147e-03 9.817817248e-03 1.074418239e-02 1.170201693e-02 1.269161329e-02
 1.371346228e-02 1.476829033e-02 1.585708559e-02 1.698114537e-02 1.814212091e-02
 1.934206858e-02 2.058351971e-02 2.186952345e-02 2.320373431e-02 2.459044196e-02
 2.603458799e-02 2.754169516e-02 2.911759168e-02 3.076775558e-02 3.249586374e-02
 3.430071473e-02 3.616978601e-02 3.806572780e-02 3.989759460e-02 4.145812243e-02
-1.900861207e-05-3.688035576e-05-6.341959670e-05-9.937476716e-05-1.450187265e-04
-2.000332897e-04-2.636554418e-04-3.347585734e-04-4.118665529e-04-4.931263393e-04
-5.762575893e-04-6.584920920e-04-7.365203346e-04-8.064704016e-04-8.639696171e-04
-9.044259205e-04-9.232453885e-04-9.158383473e-04-8.778250776e-04-8.055500221e-04
-6.962876651e-04-5.480585969e-04-3.591367858e-04-1.283789315e-04 1.446203241e-04
 4.595728242e-04 8.157903794e-04 1.212516450e-03 1.648916164e-03 2.124094870e-03
 2.637142083e-03 3.187160240e-03 3.773283679e-03 4.394693766e-03 5.050627515e-03
 5.740387365e-03 6.463345140e-03 7.218952291e-03 8.006746881e-03 8.826364763e-03
 9.677552618e-03 1.056019031e-02 1.147430856e-02 1.242012344e-02 1.339806709e-02
 1.440883707e-02 1.545344945e-02 1.653330214e-02 1.765026152e-02 1.880676113e-02
 2.000593394e-02 2.125176601e-02 2.254931629e-02 2.390498109e-02 2.532687411e-02
 2.682530880e-02 2.841348946e-02 3.010846488e-02 3.193249181e-02 3.391508386e-02
 3.609615192e-02 3.853124008e-02 4.130100086e-02 4.453001916e-02 4.842787236e-02
-3.394178202e-05-3.723893315e-05-5.004511695e-05-7.098432252e-05-9.878705896e-05
-1.323409087e-04-1.705161267e-04-2.120398276e-04-2.554188250e-04-2.988897613e-04
-3.403838200e-04-3.775049991e-04-4.075245524e-04-4.274043604e-04-4.338558938e-04
-4.234465887e-04-3.927111975e-04-3.382588038e-04-2.568995405e-04-1.457957842e-04
-2.547498525e-06 1.748001960e-04 3.878015850e-04 6.375841331e-04 9.248425486e-04
 1.249871799e-03 1.612658496e-03 2.012975514e-03 2.450444503e-03 2.924578497e-03
 3.434819635e-03 3.980567679e-03 4.561204929e-03 5.176112987e-03 5.824687891e-03
 6.506351288e-03 7.220563944e-03 7.966834120e-03 8.744731545e-03 9.553902782e-03
 1.039408986e-02 1.126515120e-02 1.216709800e-02 1.310012303e-02 1.406465657e-02
 1.506141573e-02 1.609148085e-02 1.715637930e-02 1.825819537e-02 1.939970441e-02
 2.058454044e-02 2.181742154e-02 2.310442552e-02 2.445340902e-02 2.587452717e-02
 2.738102712e-02 2.899035998e-02 3.072584420e-02 3.261916712e-02 3.471419215e-02
 3.707280755e-02 3.978385031e-02 4.297645018e-02 4.683868960e-02 5.163944885e-02
-1.293897913e-05-2.109230081e-05-3.080884198e-05-4.251617429e-05-5.625096674e-05
-7.157860091e-05-8.770990098e-05-1.035754103e-04-1.178572347e-04-1.289986249e-04
-1.352070249e-04-1.344587508e-04-1.245133899e-04-1.029409032e-04-6.716693315e-05
-1.453224468e-05 5.763581430e-05 1.519507932e-04 2.708885586e-04 4.167177540e-04
 5.914439680e-04 7.967836573e-04 1.034150366e-03 1.304652658e-03 1.609096653e-03
 1.948010409e-03 2.321677981e-03 2.730183303e-03 3.173450474e-03 3.651276231e-03
 4.163362086e-03 4.709337838e-03 5.288782995e-03 5.901243538e-03 6.546246354e-03
 7.223309483e-03 7.931955159e-03 8.671716787e-03 9.442157112e-03 1.024287660e-02
 1.107353531e-02 1.193388179e-02 1.282377448e-02 1.374323666e-02 1.469249185e-02
 1.567203924e-02 1.668272540e-02 1.772583276e-02 1.880319975e-02 1.991734281e-02
 2.107163332e-02 2.227047831e-02 2.351959981e-02 2.482634224e-02 2.620013803e-02
 2.765311301e-02 2.920095809e-02 3.086419404e-02 3.267007321e-02 3.465550020e-02
 3.687169775e-02 3.939209133e-02 4.232630134e-02 4.584668949e-02 5.024235323e-02
-2.349553142e-05-2.071818381e-05-1.988232907e-05-1.990503370e-05-1.975524174e-05
-1.849432192e-05-1.515794520e-05-8.676625839e-06 2.164797024e-06 1.874472946e-05
 4.260869900e-05 7.546371489e-05 1.191635456e-04 1.756851707e-04 2.470960608e-04
 3.355137305e-04 4.430595145e-04 5.718098255e-04 7.237478276e-04 9.007186745e-04
 1.104393625e-03 1.336244168e-03 1.597526600e-03 1.889274688e-03 2.212302294e-03
 2.567213029e-03 2.954420168e-03 3.374166787e-03 3.826550208e-03 4.311546683e-03
 4.829030950e-03 5.378795322e-03 5.960564595e-03 6.574010011e-03 7.218755782e-03
 7.894386537e-03 8.600459434e-03 9.336498566e-03 1.010201219e-02 1.089649647e-02
 1.171945408e-02 1.257040631e-02 1.344893221e-02 1.435470209e-02 1.528752316e-02
 1.624741033e-02 1.723465323e-02 1.824990846e-02 1.929430105e-02 2.036952972e-02
 2.147799358e-02 2.262290940e-02 2.380844951e-02 2.503988519e-02 2.632372454e-02
 2.766784094e-02 2.908159979e-02 3.057587519e-02 3.216286004e-02 3.385541588e-02
 3.566529602e-02 3.759906814e-02 3.964883462e-02 4.177156836e-02 4.384277388e-02
-8.124021406e-06-8.593682651e-06-5.098008842e-06 2.119669944e-06 1.311325104e-05
 2.828673860e-05 4.830475154e-05 7.403142081e-05 1.064980970e-04 1.468855480e-04
 1.965111151e-04 2.568152850e-04 3.293453483e-04 4.157346848e-04 5.176774575e-04
 6.368990871e-04 7.751241792e-04 9.340422694e-04 1.115275663e-03 1.320347772e-03
 1.550657558e-03 1.807459164e-03 2.091847826e-03 2.404752187e-03 2.746933606e-03
 3.118990920e-03 3.521371167e-03 3.954380751e-03 4.418203607e-03 4.912916571e-03
 5.438501015e-03 5.994860549e-03 6.581825670e-03 7.199162617e-03 7.846574299e-03
 8.523698896e-03 9.230109863e-03 9.965305217e-03 1.072871033e-02 1.151966862e-02
 1.233745180e-02 1.318126731e-02 1.405027136e-02 1.494360901e-02 1.586045325e-02
 1.680007204e-02 1.776189543e-02 1.874560118e-02 1.975122467e-02 2.077923529e-02
 2.183062583e-02 2.290697582e-02 2.401044592e-02 2.514375560e-02 2.631003782e-02
 2.751258016e-02 2.875439636e-02 3.003746830e-02 3.136150911e-02 3.272189945e-02
 3.410627693e-02 3.548885509e-02 3.682112321e-02 3.801697120e-02 3.892989084e-02
-1.528648500e-05-7.831992662e-06 3.502336313e-06 1.952106504e-05 4.100790829e-05
 6.869445497e-05 1.033381923e-04 1.457724866e-04 1.969290024e-04 2.578436106e-04
 3.296534705e-04 4.135884228e-04 5.109577905e-04 6.231338484e-04 7.515319157e-04
 8.975881501e-04 1.062734984e-03 1.248376328e-03 1.455863472e-03 1.686471282e-03
 1.941377996e-03 2.221649978e-03 2.528227866e-03 2.861921443e-03 3.223405918e-03
 3.613225650e-03 4.031801596e-03 4.479441326e-03 4.956352059e-03 5.462653935e-03
 5.998393055e-03 6.563548464e-03 7.158038206e-03 7.781718858e-03 8.434378542e-03
 9.115724824e-03 9.825364687e-03 1.056278776e-02 1.132734399e-02 1.211821754e-02
 1.293441188e-02 1.377474610e-02 1.463784277e-02 1.552216057e-02 1.642601937e-02
 1.734766923e-02 1.828536764e-02 1.923749037e-02 2.020265348e-02 2.117982134e-02
 2.216841467e-02 2.316834405e-02 2.417997830e-02 2.520400286e-02 2.624115162e-02
 2.729180269e-02 2.835538983e-02 2.942958474e-02 3.050920926e-02 3.158479556e-02
 3.264072537e-02 3.365304694e-02 3.458739072e-02 3.539819270e-02 3.603230789e-02
-4.386065029e-06 1.033007379e-06 1.458685438e-05 3.615437527e-05 6.583259528e-05
 1.039699418e-04 1.511019509e-04 2.079059923e-04 2.751755237e-04 3.538045567e-04
 4.447759711e-04 5.491496995e-04 6.680500810e-04 8.026512805e-04 9.541605832e-04
 1.123799826e-03 1.312786480e-03 1.522312756e-03 1.753525576e-03 2.007507952e-03
 2.285260707e-03 2.587688854e-03 2.915589837e-03 3.269645851e-03 3.650423605e-03
 4.058375955e-03 4.493851215e-03 4.957103636e-03 5.448312964e-03 5.967598408e-03
 6.515034009e-03 7.090660278e-03 7.694487926e-03 8.326490410e-03 8.986586705e-03
 9.674617089e-03 1.039030124e-02 1.113320049e-02 1.190265920e-02 1.269776095e-02
 1.351727359e-02 1.435961016e-02 1.522279065e-02 1.610443927e-02 1.700179838e-02
 1.791178435e-02 1.883109473e-02 1.975637116e-02 2.068438753e-02 2.161228843e-02
 2.253778838e-02 2.345930412e-02 2.437596209e-02 2.528743632e-02 2.619361319e-02
 2.709413506e-02 2.798782662e-02 2.887204662e-02 2.974200808e-02 3.059009463e-02
 3.140528500e-02 3.217289969e-02 3.287506849e-02 3.349253908e-02 3.400884941e-02
-8.837221685e-06 2.089106374e-06 2.128078086e-05 4.931363583e-05 8.676839207e-05
 1.342074393e-04 1.922226511e-04 2.614649129e-04 3.426565090e-04 4.365938948e-04
 5.441444810e-04 6.662401138e-04 8.038667147e-04 9.580525220e-04 1.129854005e-03
 1.320339506e-03 1.530572888e-03 1.761594787e-03 2.014404861e-03 2.289942466e-03
 2.589071169e-03 2.912561176e-03 3.261077218e-03 3.635171335e-03 4.035277758e-03
 4.461719189e-03 4.914716817e-03 5.394410808e-03 5.900889169e-03 6.434211507e-03
 6.994446274e-03 7.581685204e-03 8.196057752e-03 8.837719448e-03 9.506824426e-03
 1.020348072e-02 1.092768367e-02 1.167923585e-02 1.245766319e-02 1.326211728e-02
 1.409127284e-02 1.494323369e-02 1.581543498e-02 1.670457982e-02 1.760659553e-02
 1.851666160e-02 1.942932606e-02 2.033874020e-02 2.123902552e-02 2.212476730e-02
 2.299152873e-02 2.383627743e-02 2.465756238e-02 2.545530722e-02 2.623030916e-02
 2.698360384e-02 2.771577239e-02 2.842636034e-02 2.911339328e-02 2.977309562e-02
 3.039981239e-02 3.098622337e-02 3.152392432e-02 3.200435266e-02 3.241989389e-02
-1.467201514e-06 8.375413927e-06 2.940555351e-05 6.160894554e-05 1.051307263e-04
 1.602914999e-04 2.275426523e-04 3.074323467e-04 4.005889932e-04 5.077156238e-04
 6.295842468e-04 7.670287159e-04 9.209350683e-04 1.092229970e-03 1.281868201e-03
 1.490817755e-03 1.720043598e-03 1.970491372e-03 2.243067371e-03 2.538618864e-03
 2.857914660e-03 3.201624146e-03 3.570298199e-03 3.964355215e-03 4.384073429e-03
 4.829590674e-03 5.300923251e-03 5.797995720e-03 6.320690736e-03 6.868911907e-03
 7.442642469e-03 8.042004891e-03 8.667283691e-03 9.318930097e-03 9.997512214e-03
 1.070364378e-02 1.143787988e-02 1.220058650e-02 1.299180370e-02 1.381109469e-02
 1.465737913e-02 1.552875340e-02 1.642229781e-02 1.733387820e-02 1.825797185e-02
 1.918754168e-02 2.011408284e-02 2.102786489e-02 2.191856317e-02 2.277627960e-02
 2.359291725e-02 2.436350472e-02 2.508685179e-02 2.576508746e-02 2.640244178e-02
 2.700387314e-02 2.757393755e-02 2.811603807e-02 2.863202803e-02 2.912214026e-02
 2.958516777e-02 3.001890332e-02 3.042081185e-02 3.078899160e-02 3.112351336e-02
-3.627492561e-06 9.726860299e-06 3.456567720e-05 7.129893493e-05 1.203764550e-04
 1.822613995e-04 2.574553946e-04 3.464818292e-04 4.499015922e-04 5.683440831e-04
 7.025122177e-04 8.531730855e-04 1.021150500e-03 1.207310357e-03 1.412552432e-03
 1.637793030e-03 1.883954974e-03 2.151944209e-03 2.442637226e-03 2.756849630e-03
 3.095318330e-03 3.458662657e-03 3.847362939e-03 4.261717200e-03 4.701827653e-03
 5.167576950e-03 5.658648908e-03 6.174568087e-03 6.714791991e-03 7.278834935e-03
 7.866423577e-03 8.477610536e-03 9.112882428e-03 9.773147292e-03 1.045969315e-02
 1.117403246e-02 1.191774383e-02 1.269225869e-02 1.349867415e-02 1.433753781e-02
 1.520863641e-02 1.611071825e-02 1.704118215e-02 1.799563691e-02 1.896744221e-02
 1.994716562e-02 2.092216536e-02 2.187647484e-02 2.279143780e-02 2.364763245e-02
 2.442846447e-02 2.512481436e-02 2.573777363e-02 2.627648227e-02 2.675385773e-02
 2.718306519e-02 2.757543139e-02 2.793958783e-02 2.828138135e-02 2.860423177e-02
 2.890968136e-02 2.919802070e-02 2.946896106e-02 2.972220443e-02 2.995781042e-02
 8.805904486e-07 1.390707803e-05 4.019895277e-05 7.986291894e-05 1.331790991e-04
 2.004964481e-04 2.823686227e-04 3.792071075e-04 4.913810408e-04 6.194321904e-04
 7.640320691e-04 9.259073995e-04 1.105870469e-03 1.304750913e-03 1.523453044e-03
 1.762869884e-03 2.023956971e-03 2.307621762e-03 2.614809200e-03 2.946360502e-03
 3.303106176e-03 3.685683245e-03 4.094632342e-03 4.530169535e-03 4.992285743e-03
 5.480506923e-03 5.994040519e-03 6.531625520e-03 7.091875188e-03 7.673342247e-03
 8.275084198e-03 8.896771818e-03 9.539137594e-03 1.020379644e-02 1.089333277e-02
 1.161077619e-02 1.235953066e-02 1.314276364e-02 1.396339852e-02 1.482369471e-02
 1.572528295e-02 1.666866988e-02 1.765305176e-02 1.867544092e-02 1.972992159e-02
 2.080605552e-02 2.188729495e-02 2.294880897e-02 2.395633049e-02 2.486740425e-02
 2.563978545e-02 2.625051327e-02 2.671182528e-02 2.705642208e-02 2.731944993e-02
 2.753000706e-02 2.770927735e-02 2.787118591e-02 2.802409045e-02 2.817232348e-02
 2.831766009e-02 2.846035361e-02 2.860011719e-02 2.873688191e-02 2.887167409e-02
 8.133065990e-07 1.552875619e-05 4.394690040e-05 8.615777188e-05 1.430317643e-04
 2.144011378e-04 3.021698794e-04 4.061891232e-04 5.258529563e-04 6.618332118e-04
 8.150607464e-04 9.861119324e-04 1.176035614e-03 1.385408221e-03 1.615451765e-03
 1.866752515e-03 2.140707569e-03 2.437889110e-03 2.759836381e-03 3.107046941e-03
 3.481108928e-03 3.882303368e-03 4.312042147e-03 4.770063795e-03 5.257115699e-03
 5.771751516e-03 6.313258316e-03 6.878259592e-03 7.464289200e-03 8.066856302e-03
 8.684004657e-03 9.313454852e-03 9.956968017e-03 1.061660238e-02 1.129833888e-02
 1.200695056e-02 1.275001559e-02 1.353238989e-02 1.436037291e-02 1.523770299e-02
 1.616966538e-02 1.715910807e-02 1.821018942e-02 1.932394691e-02 2.050095052e-02
 2.173535153e-02 2.301449701e-02 2.430837043e-02 2.556189708e-02 2.667754330e-02
 2.751599997e-02 2.798224054e-02 2.815756761e-02 2.816721611e-02 2.810047567e-02
 2.800888009e-02 2.792041376e-02 2.784729749e-02 2.779425494e-02 2.776074596e-02
 2.774467506e-02 2.774249576e-02 2.775102481e-02 2.776713297e-02 2.778857015e-02
 2.904687562e-06 1.756659913e-05 4.767379505e-05 8.959992556e-05 1.512237504e-04
 2.203720651e-04 3.157682077e-04 4.299338616e-04 5.550673814e-04 6.961801555e-04
 8.567164186e-04 1.033947687e-03 1.232718350e-03 1.449111849e-03 1.689517172e-03
 1.948722638e-03 2.234766725e-03 2.541083843e-03 2.877415624e-03 3.235817421e-03
 3.627711209e-03 4.043744411e-03 4.496809561e-03 4.975915421e-03 5.494674668e-03
 6.039431784e-03 6.622367073e-03 7.224330679e-03 7.852894254e-03 8.483304642e-03
 9.123619646e-03 9.753280319e-03 1.038953941e-02 1.102137193e-02 1.167770289e-02
 1.234986819e-02 1.307053864e-02 1.383034792e-02 1.465405524e-02 1.553125121e-02
 1.648587920e-02 1.750888675e-02 1.862608455e-02 1.983231865e-02 2.115689963e-02
 2.259958722e-02 2.419061773e-02 2.592249028e-02 2.778283507e-02 2.961361222e-02
 3.085267916e-02 3.084076941e-02 3.023828566e-02 2.956565470e-02 2.897026017e-02
 2.846974693e-02 2.806791477e-02 2.774312720e-02 2.748753317e-02 2.728146873e-02
 2.711843513e-02 2.698422410e-02 2.687392943e-02 2.677830681e-02 2.669385076e-02
 0.941796875E+01 0.990041395E+01 0.101057349E+02 0.103688933E+02 0.105835009E+02
 0.107804976E+02 0.109142244E+02 0.110780066E+02 0.102957534E+02 0.109915381E+02
 0.111318284E+02 0.110415615E+02 0.110566173E+02 0.104634911E+02 0.107115117E+02
 0.108293626E+02 0.102573231E+02 0.104093710E+02 0.104311233E+02 0.103272965E+02
 0.989523366E+01 0.963014707E+01 0.986327734E+01 0.988284101E+01 0.975431774E+01
 0.966951985E+01 0.957498311E+01 0.949101321E+01 0.942574310E+01 0.934061727E+01
 0.931925223E+01 0.906546675E+01 0.880577379E+01 0.900249206E+01 0.913343835E+01
 0.906462694E+01 0.903736759E+01 0.907146824E+01 0.889054317E+01 0.885185808E+01
 0.900516357E+01 0.875098228E+01 0.895083564E+01 0.917963419E+01 0.918271945E+01
 0.926336619E+01 0.932914309E+01 0.944480127E+01 0.947283367E+01 0.937103291E+01
 0.956211770E+01 0.967588761E+01 0.994564810E+01 0.103057474E+02 0.104940498E+02
 0.107449676E+02 0.110381666E+02 0.113902319E+02 0.117264398E+02 0.121410109E+02
 0.122806661E+02 0.128048731E+02 0.137954265E+02 0.144454862E+02 0.152640028E+02
  148    9
 0.362479762E+00 0.659062500E+00 0.348437500E+00 0.661670438E+00 0.330625000E+00
 0.663280624E+00 0.312812500E+00 0.663065022E+00 0.295000000E+00 0.660840773E+00
 0.287485425E+00 0.659062500E+00 0.277187500E+00 0.656813820E+00 0.259375000E+00
 0.650745430E+00 0.241562500E+00 0.641544407E+00 0.223750000E+00 0.628054911E+00
 0.219744303E+00 0.624375000E+00 0.205937500E+00 0.610598499E+00 0.190220031E+00
 0.589687500E+00 0.188125000E+00 0.586341392E+00 0.171286870E+00 0.555000000E+00
 0.170312500E+00 0.552655210E+00 0.157746057E+00 0.520312500E+00 0.152500000E+00
 0.501503749E+00 0.148076447E+00 0.485625000E+00 0.140825412E+00 0.450937500E+00
 0.135730619E+00 0.416250000E+00 0.134687500E+00 0.407103129E+00 0.131514560E+00
 0.381562500E+00 0.128289625E+00 0.346875000E+00 0.125917172E+00 0.312187500E+00
 0.124197962E+00 0.277500000E+00 0.122920430E+00 0.242812500E+00 0.122004385E+00
 0.208125000E+00 0.121317806E+00 0.173437500E+00 0.120844293E+00 0.138750000E+00
 0.120493017E+00 0.104062500E+00 0.120281450E+00 0.693750000E-01 0.120141820E+00
 0.346875000E-01 0.120111498E+00 0.000000000E+00 0.120138199E+00-0.346875000E-01
 0.120273887E+00-0.693750000E-01 0.120480832E+00-0.104062500E+00 0.120826400E+00
-0.138750000E+00 0.121292566E+00-0.173437500E+00 0.121969499E+00-0.208125000E+00
 0.122872601E+00-0.242812500E+00 0.124132679E+00-0.277500000E+00 0.125828051E+00
-0.312187500E+00 0.128168014E+00-0.346875000E+00 0.131348960E+00-0.381562500E+00
 0.134687500E+00-0.408683962E+00 0.135542228E+00-0.416250000E+00 0.140563212E+00
-0.450937500E+00 0.147698383E+00-0.485625000E+00 0.152500000E+00-0.503010396E+00
 0.157278642E+00-0.520312500E+00 0.170312500E+00-0.554149607E+00 0.170662102E+00
-0.555000000E+00 0.188125000E+00-0.587808668E+00 0.189286138E+00-0.589687500E+00
 0.205937500E+00-0.612067287E+00 0.218077613E+00-0.624375000E+00 0.223750000E+00
-0.629646050E+00 0.241562500E+00-0.643023296E+00 0.259375000E+00-0.652143300E+00
 0.277187500E+00-0.658185495E+00 0.281028308E+00-0.659062500E+00 0.295000000E+00
-0.662504482E+00 0.312812500E+00-0.664737478E+00 0.330625000E+00-0.664949167E+00
 0.348437500E+00-0.663321716E+00 0.366250000E+00-0.660002177E+00 0.369580860E+00
-0.659062500E+00 0.384062500E+00-0.655732365E+00 0.401875000E+00-0.650183885E+00
 0.419687500E+00-0.643024421E+00 0.437500000E+00-0.634015015E+00 0.453226757E+00
-0.624375000E+00 0.455312500E+00-0.623206348E+00 0.473125000E+00-0.611946029E+00
 0.490937500E+00-0.598748014E+00 0.501526037E+00-0.589687500E+00 0.508750000E+00
-0.583760824E+00 0.526562500E+00-0.567651666E+00 0.538831372E+00-0.555000000E+00
 0.544375000E+00-0.549322933E+00 0.562187500E+00-0.529612764E+00 0.569778043E+00
-0.520312500E+00 0.580000000E+00-0.507698566E+00 0.596350923E+00-0.485625000E+00
 0.597812500E+00-0.483593861E+00 0.615625000E+00-0.457539325E+00 0.619823595E+00
-0.450937500E+00 0.633437500E+00-0.428916908E+00 0.640764037E+00-0.416250000E+00
 0.651250000E+00-0.397274858E+00 0.659454443E+00-0.381562500E+00 0.669062500E+00
-0.362064206E+00 0.676189470E+00-0.346875000E+00 0.686875000E+00-0.322389733E+00
 0.691150216E+00-0.312187500E+00 0.704477472E+00-0.277500000E+00 0.704687500E+00
-0.276927434E+00 0.716671152E+00-0.242812500E+00 0.722500000E+00-0.224100754E+00
 0.727330428E+00-0.208125000E+00 0.736342572E+00-0.173437500E+00 0.740312500E+00
-0.155648293E+00 0.744005147E+00-0.138750000E+00 0.750014414E+00-0.104062500E+00
 0.754143761E+00-0.693750000E-01 0.756547426E+00-0.346875000E-01 0.757320851E+00
 0.000000000E+00 0.756491576E+00 0.346875000E-01 0.754028329E+00 0.693750000E-01
 0.749831325E+00 0.104062500E+00 0.743744422E+00 0.138750000E+00 0.740312500E+00
 0.154366933E+00 0.736036378E+00 0.173437500E+00 0.726942593E+00 0.208125000E+00
 0.722500000E+00 0.222763603E+00 0.716237404E+00 0.242812500E+00 0.704687500E+00
 0.275548888E+00 0.703968913E+00 0.277500000E+00 0.690511687E+00 0.312187500E+00
 0.686875000E+00 0.320827049E+00 0.675461352E+00 0.346875000E+00 0.669062500E+00
 0.360466772E+00 0.658631830E+00 0.381562500E+00 0.651250000E+00 0.395656943E+00
 0.639830005E+00 0.416250000E+00 0.633437500E+00 0.427276759E+00 0.618768646E+00
 0.450937500E+00 0.615625000E+00 0.455881166E+00 0.597812500E+00 0.482039461E+00
 0.595228160E+00 0.485625000E+00 0.580000000E+00 0.506144963E+00 0.568466132E+00
 0.520312500E+00 0.562187500E+00 0.528000303E+00 0.544375000E+00 0.547786062E+00
 0.537305057E+00 0.555000000E+00 0.526562500E+00 0.566077224E+00 0.508750000E+00
 0.582249402E+00 0.499645505E+00 0.589687500E+00 0.490937500E+00 0.597145454E+00
 0.473125000E+00 0.610459163E+00 0.455312500E+00 0.621754113E+00 0.450616125E+00
 0.624375000E+00 0.437500000E+00 0.632431708E+00 0.419687500E+00 0.641542242E+00
 0.401875000E+00 0.648784585E+00 0.384062500E+00 0.654377411E+00 0.366250000E+00
 0.658500196E+00
 0.119999997E+00-0.709999978E+00 0.100000002E+00 0.709999978E+00 0.229000002E+00
 0.838999987E+00 0.600000024E+00 0.838999987E+00 0.949999988E+00 0.493999988E+00
 0.949999988E+00-0.493999988E+00 0.600000024E+00-0.838999987E+00 0.229000002E+00
-0.838999987E+00 0.119999997E+00-0.709999978E+00
    0

