  EFITD      11/04  /2008     1110128009   960ms   0  33  33
 6.999999881e-01 1.399999976e+00 6.600000262e-01 4.000000060e-01 0.000000000e+00
 6.812056899e-01 7.791251875e-03-7.423824817e-02 1.953598857e-02-5.455458164e+00
-7.461849375e+05-7.423824817e-02 0.000000000e+00 6.812056899e-01 0.000000000e+00
 7.791251875e-03 0.000000000e+00 1.953598857e-02 0.000000000e+00 0.000000000e+00
-3.703665733e+00-3.695134640e+00-3.687078953e+00-3.679487228e+00-3.672346830e+00
-3.665645838e+00-3.659371376e+00-3.653511047e+00-3.648051262e+00-3.642979383e+00
-3.638281584e+00-3.633944035e+00-3.629953384e+00-3.626295567e+00-3.622956276e+00
-3.619921207e+00-3.617176056e+00-3.614706278e+00-3.612497568e+00-3.610534668e+00
-3.608803034e+00-3.607288122e+00-3.605974436e+00-3.604847431e+00-3.603891611e+00
-3.603092432e+00-3.602434397e+00-3.601902246e+00-3.601481199e+00-3.601155996e+00
-3.600911379e+00-3.600731850e+00-3.600602627e+00
 6.056546094e+04 5.664151562e+04 5.284862109e+04 4.918677734e+04 4.565598047e+04
 4.225623438e+04 3.898753906e+04 3.584989453e+04 3.284329688e+04 2.996775195e+04
 2.722325781e+04 2.460981250e+04 2.212741602e+04 1.977607031e+04 1.755577539e+04
 1.546652930e+04 1.350833398e+04 1.168118848e+04 9.985092773e+03 8.420046875e+03
 6.986050781e+03 5.683104980e+03 4.511209473e+03 3.470363525e+03 2.560567627e+03
 1.781821777e+03 1.134125854e+03 6.174799194e+02 2.318839874e+02-2.266197586e+01
-1.461579590e+02-1.386039734e+02 0.000000000e+00
-1.108575153e+01-1.045340347e+01-9.839769363e+00-9.244849205e+00-8.668643951e+00
-8.111151695e+00-7.572374344e+00-7.052310944e+00-6.550961018e+00-6.068325996e+00
-5.604404449e+00-5.159197330e+00-4.732704163e+00-4.324924946e+00-3.935859919e+00
-3.565509081e+00-3.213872194e+00-2.880949497e+00-2.566740751e+00-2.271246195e+00
-1.994465828e+00-1.736399412e+00-1.497047067e+00-1.276408792e+00-1.074484706e+00
-8.912746310e-01-7.267786264e-01-5.809967518e-01-4.539289176e-01-3.455751836e-01
-2.559355497e-01-1.850099862e-01-1.327985078e-01
-1.361387250e+06-1.316667000e+06-1.271946875e+06-1.227226750e+06-1.182506625e+06
-1.137786375e+06-1.093066250e+06-1.048346062e+06-1.003625938e+06-9.589057500e+05
-9.141855625e+05-8.694654375e+05-8.247452500e+05-7.800251250e+05-7.353049375e+05
-6.905847500e+05-6.458646250e+05-6.011444375e+05-5.564242500e+05-5.117041250e+05
-4.669839375e+05-4.222637812e+05-3.775436250e+05-3.328234688e+05-2.881033125e+05
-2.433831406e+05-1.986629688e+05-1.539428125e+05-1.092226484e+05-6.450248047e+04
-1.978231836e+04 2.493784375e+04 6.965800781e+04
 2.197977155e-02 2.393685095e-02 2.572339214e-02 2.715807408e-02 2.809436992e-02
 2.849053591e-02 2.842745930e-02 2.807640843e-02 2.761727385e-02 2.716636285e-02
 2.676382102e-02 2.640291117e-02 2.605992928e-02 2.570802905e-02 2.532231249e-02
 2.488464862e-02 2.439284325e-02 2.387845330e-02 2.343853936e-02 2.328284271e-02
 2.377273329e-02 2.537723258e-02 2.849618718e-02 3.326502070e-02 3.947381303e-02
 4.663624614e-02 5.419458821e-02 6.170535460e-02 6.888828427e-02 7.559648156e-02
 8.177740127e-02 8.744475245e-02 9.264641255e-02 2.828891575e-02 3.163445368e-02
 3.501293436e-02 3.755650297e-02 3.878832981e-02 3.855606169e-02 3.703479841e-02
 3.514879197e-02 3.345718607e-02 3.205697611e-02 3.089118376e-02 2.987783775e-02
 2.895041928e-02 2.803638205e-02 2.705433965e-02 2.591164596e-02 2.450265735e-02
 2.271247096e-02 2.043988742e-02 1.769649237e-02 1.500066742e-02 1.418226026e-02
 1.697133668e-02 2.382328175e-02 3.424412757e-02 4.612517357e-02 5.756243318e-02
 6.796454638e-02 7.718858868e-02 8.524490148e-02 9.222407639e-02 9.829166532e-02
 1.036656722e-01 3.387622908e-02 3.869234771e-02 4.463638738e-02 4.851115122e-02
 5.013624951e-02 4.912532493e-02 4.482730851e-02 4.094148800e-02 3.807659820e-02
 3.593233600e-02 3.425797820e-02 3.287441283e-02 3.166187182e-02 3.050716780e-02
 2.928516269e-02 2.784087695e-02 2.596485801e-02 2.335350960e-02 1.953808032e-02
 1.376470644e-02 5.130980629e-03-6.563822972e-04 1.071582315e-03 1.131011080e-02
 3.036171384e-02 5.020416528e-02 6.653042883e-02 8.000259101e-02 9.102469683e-02
 9.990416467e-02 1.069817618e-01 1.126777679e-01 1.174138486e-01 3.685864061e-02
 4.113371670e-02 4.726738483e-02 5.017828196e-02 5.183707178e-02 5.200092122e-02
 4.630739242e-02 4.267233983e-02 3.998060152e-02 3.791809455e-02 3.630951419e-02
 3.503087536e-02 3.398111463e-02 3.306428343e-02 3.217407688e-02 3.117717430e-02
 2.989088744e-02 2.804795839e-02 2.523414232e-02 2.076297812e-02 1.351576950e-02
 9.219445288e-03 1.192299090e-02 2.457817085e-02 4.682168365e-02 6.908120960e-02
 8.766666055e-02 1.028054804e-01 1.143727601e-01 1.225242391e-01 1.278906614e-01
 1.314353198e-01 1.340693980e-01 3.738185391e-02 3.941411898e-02 4.147957265e-02
 4.301019385e-02 4.367055371e-02 4.327994958e-02 4.215535149e-02 4.067317024e-02
 3.919236362e-02 3.791199625e-02 3.688969091e-02 3.613461927e-02 3.563576937e-02
 3.537163883e-02 3.531331941e-02 3.542566672e-02 3.566961735e-02 3.601088375e-02
 3.644916788e-02 3.712370992e-02 3.883874416e-02 4.303864017e-02 5.129245296e-02
 6.426060945e-02 8.174063265e-02 1.022895873e-01 1.237782612e-01 1.417150348e-01
 1.531263143e-01 1.575146019e-01 1.561571807e-01 1.537500322e-01 1.521083713e-01
 3.720915690e-02 3.785386309e-02 3.849577904e-02 3.897156939e-02 3.914906457e-02
 3.898248821e-02 3.852484003e-02 3.789277002e-02 3.722408786e-02 3.664522246e-02
 3.625351936e-02 3.611964360e-02 3.629719466e-02 3.683229908e-02 3.777272254e-02
 3.917824104e-02 4.113493115e-02 4.377644509e-02 4.731408134e-02 5.206387490e-02
 5.857942253e-02 6.709729135e-02 7.804723829e-02 9.207559377e-02 1.098472849e-01
 1.318399459e-01 1.574852765e-01 1.784747988e-01 1.895773709e-01 1.898815632e-01
 1.808144152e-01 1.723179370e-01 1.666006148e-01 3.693491220e-02 3.676431999e-02
 3.664357588e-02 3.652748093e-02 3.630537540e-02 3.596552089e-02 3.554493189e-02
 3.510702029e-02 3.473231196e-02 3.450798616e-02 3.452023119e-02 3.485112637e-02
 3.557967022e-02 3.678588197e-02 3.855743632e-02 4.099906981e-02 4.424566776e-02
 4.848068580e-02 5.396326259e-02 6.107038260e-02 7.056840509e-02 8.149401844e-02
 9.288348258e-02 1.059445590e-01 1.229876429e-01 1.443662047e-01 1.700762957e-01
 1.906515658e-01 2.010538131e-01 2.003141046e-01 1.889120191e-01 1.790958345e-01
 1.724525243e-01 3.667292371e-02 3.592380881e-02 3.523559123e-02 3.459701315e-02
 3.393162414e-02 3.324577585e-02 3.258386627e-02 3.200586885e-02 3.158367053e-02
 3.139690310e-02 3.152916953e-02 3.206552193e-02 3.309171274e-02 3.469527140e-02
 3.696844727e-02 4.001294822e-02 4.394632578e-02 4.890952259e-02 5.507391319e-02
 6.262969226e-02 7.183557749e-02 8.214772493e-02 9.336432070e-02 1.060441732e-01
 1.210788861e-01 1.391299069e-01 1.616332084e-01 1.790841222e-01 1.887294501e-01
 1.897965074e-01 1.796208024e-01 1.728421748e-01 1.685675681e-01 3.645310178e-02
 3.519229218e-02 3.395503387e-02 3.276226670e-02 3.154204413e-02 3.033330105e-02
 2.919816226e-02 2.820961736e-02 2.744990587e-02 2.700704150e-02 2.697155438e-02
 2.743346244e-02 2.847983874e-02 3.019330278e-02 3.265162185e-02 3.592831269e-02
 4.009358212e-02 4.521423206e-02 5.134976283e-02 5.853957310e-02 6.678024679e-02
 7.602325827e-02 8.622395992e-02 9.736003727e-02 1.093269438e-01 1.217556298e-01
 1.337357759e-01 1.441033036e-01 1.516225785e-01 1.559223384e-01 1.576153189e-01
 1.579825282e-01 1.581008881e-01 3.647676483e-02 3.466357291e-02 3.277461231e-02
 3.086477146e-02 2.889598534e-02 2.693177760e-02 2.505645715e-02 2.336367220e-02
 2.196015976e-02 2.095516957e-02 2.045750991e-02 2.057068422e-02 2.138755098e-02
 2.298560366e-02 2.542370372e-02 2.874073200e-02 3.295605257e-02 3.807126358e-02
 4.407405108e-02 5.093326420e-02 5.859595165e-02 6.698496640e-02 7.599504292e-02
 8.547916263e-02 9.522054344e-02 1.049028784e-01 1.141201407e-01 1.224523410e-01
 1.295650899e-01 1.353296936e-01 1.398676336e-01 1.434210092e-01 1.463216245e-01
 3.713091835e-02 3.457074240e-02 3.179781884e-02 2.888123132e-02 2.586968429e-02
 2.283989638e-02 1.988825575e-02 1.711473241e-02 1.469288394e-02 1.276409067e-02
 1.147340331e-02 1.095708087e-02 1.132996660e-02 1.267441362e-02 1.503262855e-02
 1.840388775e-02 2.274711989e-02 2.798212506e-02 3.404569998e-02 4.085137695e-02
 4.830231518e-02 5.628761649e-02 6.467956305e-02 7.332923263e-02 8.206306398e-02
 9.068512172e-02 9.899066389e-02 1.067921370e-01 1.139518768e-01 1.204100922e-01
 1.261939406e-01 1.312525570e-01 1.356452852e-01 3.881943598e-02 3.503297642e-02
 3.098653443e-02 2.673909813e-02 2.235920355e-02 1.791195385e-02 1.353042945e-02
 9.354349226e-03 5.561441649e-03 2.350054448e-03-7.447200187e-05-1.518747653e-03
-1.822471851e-03-8.778385818e-04 1.356855966e-03 4.852546845e-03 9.514941834e-03
 1.519931573e-02 2.173343860e-02 2.892329916e-02 3.664214164e-02 4.475535452e-02
 5.313193798e-02 6.164184958e-02 7.015528530e-02 7.854501903e-02 8.669253439e-02
 9.449717402e-02 1.018862426e-01 1.088225022e-01 1.153097153e-01 1.212321818e-01
 1.265303940e-01 4.136418924e-02 3.574080020e-02 3.008977138e-02 2.428990789e-02
 1.831657439e-02 1.223537046e-02 6.155543029e-03 2.467258018e-04-5.265352782e-03
-1.011238247e-02-1.400569361e-02-1.666648872e-02-1.786034554e-02-1.742978580e-02
-1.531782001e-02-1.157667954e-02-6.359401625e-03 1.037256297e-04 7.538265549e-03
 1.566053182e-02 2.421183698e-02 3.298979998e-02 4.187344387e-02 5.075732619e-02
 5.954799429e-02 6.816270202e-02 7.653027028e-02 8.459337056e-02 9.231138229e-02
 9.966292232e-02 1.066493616e-01 1.131392792e-01 1.190694794e-01 4.267431051e-02
 3.574328870e-02 2.871386148e-02 2.145510167e-02 1.389936637e-02 6.111830007e-03
-1.793774660e-03-9.615193121e-03-1.706571691e-02-2.378939651e-02-2.939047478e-02
-3.347659856e-02-3.571067005e-02-3.586169332e-02-3.384281322e-02-2.972654440e-02
-2.373291925e-02-1.619369164e-02-7.501977496e-03 1.940832706e-03 1.177078858e-02
 2.169315889e-02 3.149203956e-02 4.110319912e-02 5.047609285e-02 5.956980959e-02
 6.835142523e-02 7.679573447e-02 8.488557488e-02 9.261158854e-02 9.996815026e-02
 1.068714634e-01 1.132981554e-01 4.265413806e-02 3.492565081e-02 2.689815126e-02
 1.844564453e-02 9.538700804e-03 2.143168531e-04-9.394955821e-03-1.904775575e-02
-2.839130908e-02-3.697527573e-02-4.428667203e-02-4.980617017e-02-5.307924375e-02
-5.378837511e-02-5.180865526e-02-4.723120853e-02-4.034741223e-02-3.159856051e-02
-2.150513045e-02-1.059354004e-02 6.645596004e-04 1.189220790e-02 2.282528579e-02
 3.332499415e-02 4.340102524e-02 5.306142941e-02 6.231264025e-02 7.116034627e-02
 7.961053401e-02 8.767039329e-02 9.534925967e-02 1.025788262e-01 1.093304902e-01
 4.208605364e-02 3.384019807e-02 2.515657619e-02 1.588989981e-02 6.009746809e-03
-4.449103493e-03-1.534207165e-02-2.639692463e-02-3.720679879e-02-4.724271223e-02
-5.589263514e-02-6.252871454e-02-6.659524143e-02-6.769996136e-02-6.568549573e-02
-6.066000834e-02-5.297758430e-02-4.317421839e-02-3.187852725e-02-1.972062886e-02
-7.258483674e-03 5.068380386e-03 1.695763506e-02 2.824161574e-02 3.892722353e-02
 4.907061532e-02 5.871353671e-02 6.788785756e-02 7.661905140e-02 8.492892981e-02
 9.283863753e-02 1.002881154e-01 1.072472557e-01 4.137700796e-02 3.290326893e-02
 2.397164516e-02 1.436888427e-02 4.065909423e-03-6.897256244e-03-1.836597733e-02
-3.004977852e-02-4.151287302e-02-5.218605697e-02-6.140808389e-02-6.849860400e-02
-7.285467535e-02-7.405149937e-02-7.192119211e-02-6.658618152e-02-5.843643472e-02
-4.805774987e-02-3.613266349e-02-2.334051393e-02-1.027798932e-02 2.589474665e-03
 1.494581159e-02 2.661934495e-02 3.761200979e-02 4.800160974e-02 5.784535781e-02
 6.718619913e-02 7.605744153e-02 8.448615670e-02 9.249435365e-02 1.000371426e-01
 1.071052477e-01 4.075571895e-02 3.241715953e-02 2.366049774e-02 1.423442736e-02
 4.133946262e-03-6.591197103e-03-1.778007671e-02-2.914029919e-02-4.024006054e-02
-5.052140355e-02-5.934192240e-02-6.604637951e-02-7.005993277e-02-7.098406553e-02
-6.867031753e-02-6.324982643e-02-5.510922149e-02-4.482038319e-02-3.304484114e-02
-2.043812722e-02-7.574068382e-03 5.101317074e-03 1.728693582e-02 2.882190049e-02
 3.972472996e-02 5.005620793e-02 5.986126512e-02 6.917381287e-02 7.802034914e-02
 8.642256260e-02 9.439986944e-02 1.019173115e-01 1.089618057e-01 4.040380940e-02
 3.244812042e-02 2.420377173e-02 1.542271581e-02 6.102843676e-03-3.699439578e-03
-1.382429060e-02-2.399499714e-02-3.381565586e-02-4.278723896e-02-5.034736544e-02
-5.593391135e-02-5.906433985e-02-5.941478163e-02-5.687853321e-02-5.158703029e-02
-4.388665780e-02-3.427827358e-02-2.333656140e-02-1.162967272e-02 3.447753843e-04
 1.219936647e-02 2.367245965e-02 3.464346752e-02 4.513184726e-02 5.515256524e-02
 6.471697241e-02 7.383421063e-02 8.251255751e-02 9.076049924e-02 9.858790040e-02
 1.059542596e-01 1.128477752e-01 3.987264261e-02 3.259572759e-02 2.520910464e-02
 1.747055538e-02 9.372361004e-03 9.813149227e-04-7.548134308e-03-1.596771181e-02
-2.393878624e-02-3.105022572e-02-3.685349971e-02-4.091375321e-02-4.286989197e-02
-4.249157757e-02-3.971901536e-02-3.467447311e-02-2.764191106e-02-1.902031153e-02
-9.262959473e-03 1.183000859e-03 1.192566194e-02 2.265991457e-02 3.318267316e-02
 4.343897477e-02 5.338535830e-02 6.298637390e-02 7.221341878e-02 8.104483783e-02
 8.946640044e-02 9.747091681e-02 1.050533503e-01 1.121523678e-01 1.187578812e-01
 3.851093352e-02 3.236624971e-02 2.618985251e-02 1.978705823e-02 1.314622629e-02
 6.392086390e-03-3.300048120e-04-6.806186400e-03-1.276226249e-02-1.788112521e-02
-2.183096856e-02-2.430252731e-02-2.504998818e-02-2.392745577e-02-2.091235854e-02
-1.610953733e-02-9.734636173e-03-2.080897335e-03 6.522833835e-03 1.575301029e-02
 2.532806247e-02 3.504715860e-02 4.479131848e-02 5.445703864e-02 6.395265460e-02
 7.319721580e-02 8.212167025e-02 9.067139775e-02 9.880924970e-02 1.065183580e-01
 1.138066202e-01 1.205393597e-01 1.266514659e-01 3.634585440e-02 3.165624663e-02
 2.684918232e-02 2.184721641e-02 1.671149582e-02 1.158234663e-02 6.607992109e-03
 1.972394064e-03-2.109257737e-03-5.403250922e-03-7.677119225e-03-8.724050596e-03
-8.387939073e-03-6.584169343e-03-3.311282722e-03 1.349611208e-03 7.247899193e-03
 1.418566424e-02 2.194878832e-02 3.031671047e-02 3.915361688e-02 4.831835255e-02
 5.767444894e-02 6.708675623e-02 7.642091066e-02 8.554645628e-02 9.434379637e-02
 1.027136818e-01 1.105869859e-01 1.179316491e-01 1.247576550e-01 1.309435964e-01
 1.364261657e-01 3.463649750e-02 3.099086694e-02 2.727166004e-02 2.346294932e-02
 1.964787021e-02 1.591587439e-02 1.244284865e-02 9.374613874e-03 6.871534977e-03
 5.098319612e-03 4.210698884e-03 4.340694286e-03 5.583425984e-03 7.986696437e-03
 1.154651772e-02 1.621027105e-02 2.188948542e-02 2.845663391e-02 3.583031148e-02
 4.390961677e-02 5.258819461e-02 6.174721941e-02 7.124921679e-02 8.093211055e-02
 9.060727805e-02 1.000663415e-01 1.090990826e-01 1.175202131e-01 1.251989007e-01
 1.320839971e-01 1.382116228e-01 1.435269713e-01 1.480886638e-01 3.334656730e-02
 3.028723598e-02 2.729195356e-02 2.435689047e-02 2.155335248e-02 1.895376854e-02
 1.669323817e-02 1.488491613e-02 1.364387665e-02 1.308142208e-02 1.329706423e-02
 1.436907053e-02 1.635579579e-02 1.928880624e-02 2.317136526e-02 2.797442675e-02
 3.368645906e-02 4.027922451e-02 4.772096500e-02 5.597415566e-02 6.499142945e-02
 7.470377535e-02 8.500102907e-02 9.570764750e-02 1.065589339e-01 1.171904877e-01
 1.271830201e-01 1.361465007e-01 1.437676549e-01 1.499316245e-01 1.547744274e-01
 1.585523188e-01 1.615989059e-01 3.166624904e-02 2.895359695e-02 2.646449581e-02
 2.417586185e-02 2.214692533e-02 2.044099197e-02 1.912433282e-02 1.830977388e-02
 1.806921512e-02 1.847234927e-02 1.958356798e-02 2.141346410e-02 2.401327901e-02
 2.741927281e-02 3.165540472e-02 3.673712164e-02 4.267902672e-02 4.949736968e-02
 5.721604079e-02 6.587286294e-02 7.552336156e-02 8.623037487e-02 9.801310301e-02
 1.107741222e-01 1.242305338e-01 1.378329843e-01 1.505645066e-01 1.615483016e-01
 1.695088148e-01 1.741015017e-01 1.759606451e-01 1.764778644e-01 1.766439825e-01
 2.900641970e-02 2.651094459e-02 2.436237782e-02 2.254112996e-02 2.110296302e-02
 2.010224760e-02 1.958804764e-02 1.960640214e-02 2.019488066e-02 2.138599567e-02
 2.320868149e-02 2.568745054e-02 2.885039896e-02 3.272641823e-02 3.734445572e-02
 4.273420200e-02 4.892799258e-02 5.596347526e-02 6.389033794e-02 7.280924171e-02
 8.272191137e-02 9.410668164e-02 1.075514555e-01 1.230826378e-01 1.405236572e-01
 1.603613198e-01 1.841624379e-01 2.023858279e-01 2.123473734e-01 2.133507878e-01
 2.027475089e-01 1.955355853e-01 1.908612400e-01 2.491457015e-02 2.252463065e-02
 2.055992372e-02 1.904979162e-02 1.807093993e-02 1.767200418e-02 1.787327603e-02
 1.867170818e-02 2.005323768e-02 2.200588770e-02 2.452676371e-02 2.762340941e-02
 3.131320328e-02 3.562144190e-02 4.057976976e-02 4.622539133e-02 5.260061845e-02
 5.975095555e-02 6.771633774e-02 7.650172710e-02 8.581372350e-02 9.705868363e-02
 1.117902473e-01 1.297197640e-01 1.497664154e-01 1.729437113e-01 1.996756494e-01
 2.206010520e-01 2.307884544e-01 2.293916941e-01 2.169914395e-01 2.061641365e-01
 1.986614615e-01 1.919006370e-02 1.660061255e-02 1.455365121e-02 1.315562427e-02
 1.254466269e-02 1.278560329e-02 1.384394802e-02 1.559617650e-02 1.791049540e-02
 2.071036026e-02 2.396462671e-02 2.767155319e-02 3.184831142e-02 3.652412444e-02
 4.173666239e-02 4.753117263e-02 5.396214500e-02 6.109829247e-02 6.903401762e-02
 7.791999727e-02 8.788128942e-02 9.951776266e-02 1.133232564e-01 1.295723915e-01
 1.485298723e-01 1.707390249e-01 1.959433705e-01 2.159952968e-01 2.257876098e-01
 2.245253921e-01 2.137370408e-01 2.036353946e-01 1.965242922e-01 1.183706149e-02
 8.667260408e-03 5.902909674e-03 4.052937031e-03 3.641923657e-03 4.728484899e-03
 7.382686716e-03 1.072151586e-02 1.429840270e-02 1.809720136e-02 2.212005109e-02
 2.640210837e-02 3.098847531e-02 3.592642769e-02 4.126333073e-02 4.704724252e-02
 5.332944170e-02 6.016946957e-02 6.764465570e-02 7.586628199e-02 8.493518084e-02
 9.527491778e-02 1.072280481e-01 1.209809110e-01 1.365898401e-01 1.539047211e-01
 1.720224917e-01 1.868085265e-01 1.953233033e-01 1.970463097e-01 1.932303756e-01
 1.886389107e-01 1.851585954e-01 4.435613751e-03 3.825767781e-04-5.523609463e-03
-7.918652147e-03-8.742363192e-03-7.670314983e-03-1.548567670e-04 5.502098706e-03
 1.048594341e-02 1.520123519e-02 1.983682998e-02 2.452217415e-02 2.935026214e-02
 3.439021483e-02 3.969512135e-02 4.530633241e-02 5.125492811e-02 5.756030232e-02
 6.422402710e-02 7.121094316e-02 7.830702513e-02 8.633269370e-02 9.578096867e-02
 1.069362983e-01 1.195798516e-01 1.322100759e-01 1.437766999e-01 1.535189599e-01
 1.607787907e-01 1.653939486e-01 1.678033769e-01 1.688302010e-01 1.692540646e-01
-5.382227755e-05-3.914937377e-03-8.957797661e-03-1.177630201e-02-1.209579688e-02
-9.448306635e-03-3.113025101e-03 2.990425564e-03 8.301309310e-03 1.320607774e-02
 1.794551313e-02 2.267752960e-02 2.748796530e-02 3.243556619e-02 3.756161779e-02
 4.289329797e-02 4.844366759e-02 5.420827493e-02 6.015669182e-02 6.620726734e-02
 7.214953005e-02 7.873003930e-02 8.646962792e-02 9.538394958e-02 1.053493693e-01
 1.151822805e-01 1.240955889e-01 1.318956316e-01 1.384283900e-01 1.436629295e-01
 1.477256119e-01 1.508638412e-01 1.533704549e-01-1.061543706e-03-3.207444679e-03
-5.370491650e-03-6.577205844e-03-6.266194396e-03-4.223635420e-03-5.940199480e-04
 3.658110276e-03 7.983169518e-03 1.230845228e-02 1.667322218e-02 2.112613991e-02
 2.569111250e-02 3.038764745e-02 3.523154184e-02 4.023372754e-02 4.539906979e-02
 5.072538927e-02 5.620370805e-02 6.182155758e-02 6.760135293e-02 7.374390215e-02
 8.041283488e-02 8.758605272e-02 9.510277212e-02 1.025895327e-01 1.096901819e-01
 1.162172630e-01 1.220701113e-01 1.272164136e-01 1.316891760e-01 1.355748773e-01
 1.389929056e-01-7.793940604e-04-1.655700384e-03-2.266325988e-03-2.359711332e-03
-1.727026189e-03-2.712009882e-04 1.961888745e-03 4.818529822e-03 8.130606264e-03
 1.177259441e-02 1.565974951e-02 1.973718219e-02 2.397318184e-02 2.835233882e-02
 3.286888450e-02 3.752178326e-02 4.231191799e-02 4.724122211e-02 5.231401697e-02
 5.754082650e-02 6.294255704e-02 6.854514033e-02 7.435648143e-02 8.034162223e-02
 8.641444147e-02 9.244993329e-02 9.831506759e-02 1.038988009e-01 1.091256812e-01
 1.139580235e-01 1.183932126e-01 1.224580035e-01 1.262003928e-01
 9.277287722e-01 9.500993490e-01 9.762258530e-01 1.003966212e+00 1.034690619e+00
 1.068279266e+00 1.103853941e+00 1.142126560e+00 1.182900071e+00 1.226638198e+00
 1.273523927e+00 1.323964715e+00 1.378294468e+00 1.436852098e+00 1.500169039e+00
 1.568709373e+00 1.643129349e+00 1.720493555e+00 1.810018539e+00 1.907583356e+00
 2.015924215e+00 2.136550188e+00 2.269276381e+00 2.418839455e+00 2.591436625e+00
 2.785706282e+00 3.012831211e+00 3.279753685e+00 3.608237505e+00 4.015725136e+00
 4.545952320e+00 5.408998013e+00 9.229945183e+00
   71   96
 4.537358582e-01 0.000000000e+00 4.532009661e-01 4.374999925e-02 4.552485645e-01
 8.749999851e-02 4.596394598e-01 1.312499940e-01 4.656249881e-01 1.712408811e-01
 4.662806392e-01 1.749999970e-01 4.752478004e-01 2.187500000e-01 4.875000119e-01
 2.616082430e-01 4.878508151e-01 2.624999881e-01 5.040379167e-01 3.062500060e-01
 5.093749762e-01 3.249078095e-01 5.235463381e-01 3.499999940e-01 5.336145163e-01
 3.703625202e-01 5.436826944e-01 3.907250464e-01 5.702788830e-01 3.787387013e-01
 5.968750119e-01 3.667523563e-01 6.187499762e-01 3.500536978e-01 6.188032031e-01
 3.499999940e-01 6.406250000e-01 3.386628628e-01 6.625000238e-01 3.247168660e-01
 6.843749881e-01 3.078600466e-01 6.860607862e-01 3.062500060e-01 7.062500119e-01
 2.927640975e-01 7.281249762e-01 2.750615776e-01 7.411352992e-01 2.624999881e-01
 7.500000000e-01 2.556230724e-01 7.718750238e-01 2.353118062e-01 7.870978117e-01
 2.187500000e-01 7.937499881e-01 2.120545506e-01 8.156250119e-01 1.865205318e-01
 8.243864179e-01 1.749999970e-01 8.374999762e-01 1.562625319e-01 8.531149030e-01
 1.312499940e-01 8.593750000e-01 1.184021533e-01 8.734624386e-01 8.749999851e-02
 8.812500238e-01 5.951571092e-02 8.856137991e-01 4.374999925e-02 8.899490237e-01
 0.000000000e+00 8.863492012e-01-4.374999925e-02 8.812500238e-01-6.336248666e-02
 8.747728467e-01-8.749999851e-02 8.593750000e-01-1.218529567e-01 8.547340035e-01
-1.312499940e-01 8.374999762e-01-1.587399393e-01 8.256718516e-01-1.749999970e-01
 8.156250119e-01-1.879556328e-01 7.937499881e-01-2.121377438e-01 7.865675092e-01
-2.187500000e-01 7.718750238e-01-2.337706238e-01 7.500000000e-01-2.520549595e-01
 7.340889573e-01-2.624999881e-01 7.281249762e-01-2.675117552e-01 7.062500119e-01
-2.816797495e-01 6.843749881e-01-2.918341756e-01 6.625000238e-01-2.984221280e-01
 6.406250000e-01-3.017780483e-01 6.187499762e-01-3.020158112e-01 5.968750119e-01
-2.989477813e-01 5.749999881e-01-2.919693887e-01 5.531250238e-01-2.798159420e-01
 5.336179733e-01-2.624999881e-01 5.312500000e-01-2.604339719e-01 5.093749762e-01
-2.336300015e-01 5.011308193e-01-2.187500000e-01 4.875000119e-01-1.887597591e-01
 4.828438461e-01-1.749999970e-01 4.710305035e-01-1.312499940e-01 4.656249881e-01
-1.041072533e-01 4.626685381e-01-8.749999851e-02 4.568952024e-01-4.374999925e-02
 4.537358582e-01 0.000000000e+00
 4.402000010e-01-2.157000005e-01 4.402000010e-01 0.000000000e+00 4.402000010e-01
 4.327999949e-01 6.998999715e-01 4.327999949e-01 6.998999715e-01 4.029999971e-01
 7.649000287e-01 3.855000138e-01 7.656999826e-01 3.885999918e-01 9.552999735e-01
 3.377999961e-01 1.061599970e+00 3.377999961e-01 1.061599970e+00 2.661364079e-01
 8.206859827e-01 2.661364079e-01 8.191620708e-01 2.646123171e-01 8.191621304e-01
 2.635484338e-01 8.180886507e-01 2.624935508e-01 8.178097606e-01 2.305992693e-01
 8.188638091e-01 2.261227220e-01 8.345430493e-01 1.953541636e-01 8.366821408e-01
 1.918698996e-01 8.537555933e-01 1.692120582e-01 8.558217883e-01 1.661411524e-01
 8.703451157e-01 1.417700052e-01 8.720677495e-01 1.384914815e-01 8.838776946e-01
 1.126960069e-01 8.852357864e-01 1.092522144e-01 8.941891193e-01 8.233161271e-02
 8.956264257e-01 7.860748470e-02 9.046225548e-01 5.781485885e-02 9.061961174e-01
 5.077324435e-02 9.068898559e-01 4.660430551e-02 9.099677205e-01 1.871794648e-02
 9.099677205e-01 2.515308792e-03 9.099677205e-01 0.000000000e+00 9.099677205e-01
-2.642208943e-03 9.099677205e-01-1.871794648e-02 9.068898559e-01-4.660431668e-02
 9.061961174e-01-5.077328160e-02 9.046225548e-01-5.781487375e-02 8.956261277e-01
-7.860808820e-02 8.941888213e-01-8.233222365e-02 8.852354884e-01-1.092528254e-01
 8.838774562e-01-1.126966104e-01 8.720675111e-01-1.384920925e-01 8.703448772e-01
-1.417706162e-01 8.558214903e-01-1.661417633e-01 8.537553549e-01-1.692126691e-01
 8.366819024e-01-1.918705106e-01 8.345491290e-01-1.953424066e-01 8.188714385e-01
-2.261113226e-01 8.178095222e-01-2.305998802e-01 8.180883527e-01-2.624941468e-01
 8.191621304e-01-2.635492980e-01 8.191620708e-01-2.646123171e-01 8.206859827e-01
-2.661364079e-01 1.061599970e+00-2.661364079e-01 1.061599970e+00-3.377999961e-01
 9.552999735e-01-3.377999961e-01 8.234999776e-01-3.731999993e-01 8.208000064e-01
-3.632000089e-01 8.191999793e-01-3.571000099e-01 7.605000138e-01-3.727999926e-01
 7.577999830e-01-3.626999855e-01 7.572000027e-01-3.612000048e-01 7.563999891e-01
-3.596999943e-01 7.552999854e-01-3.585000038e-01 7.540000081e-01-3.574000001e-01
 7.529000044e-01-3.565999866e-01 7.509999871e-01-3.560000062e-01 7.494000196e-01
-3.556999862e-01 7.476999760e-01-3.556999862e-01 7.461000085e-01-3.560000062e-01
 7.020220160e-01-3.677940071e-01 7.020223737e-01-3.677938879e-01 6.941465139e-01
-3.707191050e-01 6.869515777e-01-3.750573099e-01 6.869519949e-01-3.750570118e-01
 6.293759942e-01-4.175719917e-01 6.293758154e-01-4.175721109e-01 6.232693791e-01
-4.230040014e-01 6.182460785e-01-4.294506907e-01 6.144716144e-01-4.366995990e-01
 6.120703816e-01-4.445117116e-01 6.111218929e-01-4.526292086e-01 6.116570830e-01
-4.607844055e-01 6.116570234e-01-4.607839882e-01 6.295009255e-01-5.739028454e-01
 7.028999925e-01-5.738999844e-01 7.028999925e-01-5.958999991e-01 6.021999717e-01
-5.958999991e-01 5.728999972e-01-5.794000030e-01 5.698999763e-01-5.794000030e-01
 5.698999763e-01-5.120999813e-01 5.606999993e-01-5.001000166e-01 4.683499932e-01
-4.746749997e-01 4.683499932e-01-2.962900102e-01 4.603999853e-01-2.510600090e-01
 4.402000010e-01-2.157000005e-01 0.000000000e+00 0.000000000e+00 0.000000000e+00
 0.000000000e+00 0.000000000e+00 0.000000000e+00 0.000000000e+00 0.000000000e+00
 0.000000000e+00 0.000000000e+00 0.000000000e+00 0.000000000e+00 0.000000000e+00
 0.000000000e+00 0.000000000e+00 0.000000000e+00 0.000000000e+00 0.000000000e+00
 0.000000000e+00 0.000000000e+00 0.000000000e+00 0.000000000e+00 0.000000000e+00
 0.000000000e+00 0.000000000e+00 0.000000000e+00 0.000000000e+00 0.000000000e+00
 0.000000000e+00 0.000000000e+00 0.000000000e+00 0.000000000e+00 0.000000000e+00
 0.000000000e+00 0.000000000e+00 0.000000000e+00 0.000000000e+00 0.000000000e+00
 0.000000000e+00 0.000000000e+00 0.000000000e+00 0.000000000e+00 0.000000000e+00
 0.000000000e+00 0.000000000e+00 0.000000000e+00 0.000000000e+00 0.000000000e+00
   33   33******  960
 4.000000060e-01 1.100000024e+00-6.999999881e-01 6.999999881e-01
 1.165118375e+06 4.701981250e+04-3.106113867e+04-1.596514219e+05 1.548270625e+05
-2.831389844e+04-2.363320625e+05 3.373213125e+05 3.311278750e+05 1.720717188e+05
 1.751515938e+05-1.612670703e+04 1.750713086e+04-7.585745312e+04-7.586286719e+04
 9.025464844e+03 1.764536865e+03-1.149659424e+03
 0.000000000e+00 0.000000000e+00 0.000000000e+00 0.000000000e+00 0.000000000e+00
 0.000000000e+00 0.000000000e+00 0.000000000e+00 0.000000000e+00 0.000000000e+00
 0.000000000e+00 0.000000000e+00 0.000000000e+00 0.000000000e+00 0.000000000e+00
 0.000000000e+00 0.000000000e+00 0.000000000e+00 0.000000000e+00 0.000000000e+00
 0.000000000e+00 0.000000000e+00 0.000000000e+00 0.000000000e+00 0.000000000e+00
 0.000000000e+00 0.000000000e+00 0.000000000e+00 0.000000000e+00 0.000000000e+00
 0.000000000e+00 0.000000000e+00 0.000000000e+00 0.000000000e+00 0.000000000e+00
 0.000000000e+00 0.000000000e+00 0.000000000e+00 0.000000000e+00 0.000000000e+00
 0.000000000e+00 0.000000000e+00 0.000000000e+00 0.000000000e+00 0.000000000e+00
 0.000000000e+00 0.000000000e+00 0.000000000e+00 0.000000000e+00 0.000000000e+00
 0.000000000e+00 0.000000000e+00 0.000000000e+00 0.000000000e+00 0.000000000e+00
 0.000000000e+00 0.000000000e+00 0.000000000e+00 0.000000000e+00 0.000000000e+00
 0.000000000e+00 0.000000000e+00 0.000000000e+00 0.000000000e+00 0.000000000e+00
 0.000000000e+00 0.000000000e+00 0.000000000e+00 0.000000000e+00 0.000000000e+00
 0.000000000e+00 0.000000000e+00 0.000000000e+00 0.000000000e+00 0.000000000e+00
 0.000000000e+00 0.000000000e+00 0.000000000e+00 0.000000000e+00 0.000000000e+00
 0.000000000e+00 0.000000000e+00 0.000000000e+00 0.000000000e+00 0.000000000e+00
 0.000000000e+00 0.000000000e+00 0.000000000e+00 0.000000000e+00 0.000000000e+00
 0.000000000e+00 0.000000000e+00 0.000000000e+00 0.000000000e+00 0.000000000e+00
 0.000000000e+00 0.000000000e+00 0.000000000e+00 0.000000000e+00 0.000000000e+00
 0.000000000e+00 0.000000000e+00 0.000000000e+00 0.000000000e+00 0.000000000e+00
 0.000000000e+00 0.000000000e+00 0.000000000e+00 0.000000000e+00 0.000000000e+00
 0.000000000e+00 0.000000000e+00 0.000000000e+00 0.000000000e+00 0.000000000e+00
 0.000000000e+00 0.000000000e+00 0.000000000e+00 0.000000000e+00 0.000000000e+00
 0.000000000e+00 0.000000000e+00 0.000000000e+00 0.000000000e+00 0.000000000e+00
 0.000000000e+00 0.000000000e+00 0.000000000e+00 0.000000000e+00 0.000000000e+00
 0.000000000e+00 0.000000000e+00 0.000000000e+00 0.000000000e+00 0.000000000e+00
 0.000000000e+00 0.000000000e+00 0.000000000e+00 0.000000000e+00 0.000000000e+00
 0.000000000e+00 0.000000000e+00 0.000000000e+00 0.000000000e+00 0.000000000e+00
 0.000000000e+00 0.000000000e+00 0.000000000e+00 0.000000000e+00 0.000000000e+00
 0.000000000e+00 0.000000000e+00 0.000000000e+00 0.000000000e+00 0.000000000e+00
 0.000000000e+00 0.000000000e+00 0.000000000e+00 0.000000000e+00 0.000000000e+00
 0.000000000e+00 0.000000000e+00 0.000000000e+00 0.000000000e+00 0.000000000e+00
 0.000000000e+00 0.000000000e+00 0.000000000e+00 0.000000000e+00 0.000000000e+00
 0.000000000e+00 0.000000000e+00 0.000000000e+00 0.000000000e+00 0.000000000e+00
 0.000000000e+00 0.000000000e+00 0.000000000e+00 0.000000000e+00 0.000000000e+00
 0.000000000e+00 0.000000000e+00 0.000000000e+00 0.000000000e+00 0.000000000e+00
 0.000000000e+00 0.000000000e+00 0.000000000e+00 0.000000000e+00 0.000000000e+00
 0.000000000e+00 0.000000000e+00 0.000000000e+00 0.000000000e+00 0.000000000e+00
 0.000000000e+00 0.000000000e+00 0.000000000e+00 0.000000000e+00 0.000000000e+00
 0.000000000e+00 0.000000000e+00 0.000000000e+00 0.000000000e+00 0.000000000e+00
 0.000000000e+00 0.000000000e+00 0.000000000e+00 0.000000000e+00 0.000000000e+00
 0.000000000e+00 0.000000000e+00 0.000000000e+00 0.000000000e+00 0.000000000e+00
 0.000000000e+00 0.000000000e+00 0.000000000e+00 0.000000000e+00 0.000000000e+00
 0.000000000e+00 0.000000000e+00 0.000000000e+00 0.000000000e+00 0.000000000e+00
 0.000000000e+00 0.000000000e+00 0.000000000e+00 0.000000000e+00 0.000000000e+00
 0.000000000e+00 0.000000000e+00 0.000000000e+00 0.000000000e+00 0.000000000e+00
 0.000000000e+00 0.000000000e+00 0.000000000e+00 0.000000000e+00 0.000000000e+00
 0.000000000e+00 0.000000000e+00 0.000000000e+00 0.000000000e+00 0.000000000e+00
 0.000000000e+00 0.000000000e+00 0.000000000e+00 0.000000000e+00 0.000000000e+00
 0.000000000e+00 0.000000000e+00 0.000000000e+00 0.000000000e+00 0.000000000e+00
 0.000000000e+00 0.000000000e+00 0.000000000e+00 0.000000000e+00 0.000000000e+00
 0.000000000e+00 0.000000000e+00 0.000000000e+00 0.000000000e+00 0.000000000e+00
 0.000000000e+00 0.000000000e+00 0.000000000e+00 0.000000000e+00 0.000000000e+00
 0.000000000e+00 0.000000000e+00 0.000000000e+00 0.000000000e+00 0.000000000e+00
 0.000000000e+00 0.000000000e+00 0.000000000e+00 0.000000000e+00 0.000000000e+00
 0.000000000e+00 0.000000000e+00 0.000000000e+00 0.000000000e+00 0.000000000e+00
 0.000000000e+00 0.000000000e+00 0.000000000e+00 0.000000000e+00 0.000000000e+00
 0.000000000e+00 0.000000000e+00 0.000000000e+00 0.000000000e+00 0.000000000e+00
 0.000000000e+00 0.000000000e+00 0.000000000e+00 0.000000000e+00 0.000000000e+00
 0.000000000e+00 0.000000000e+00 0.000000000e+00 0.000000000e+00 0.000000000e+00
 0.000000000e+00 0.000000000e+00 0.000000000e+00 0.000000000e+00 0.000000000e+00
 0.000000000e+00 0.000000000e+00 0.000000000e+00 0.000000000e+00 0.000000000e+00
 0.000000000e+00 0.000000000e+00 0.000000000e+00 0.000000000e+00 0.000000000e+00
 0.000000000e+00 0.000000000e+00 0.000000000e+00 0.000000000e+00 0.000000000e+00
 0.000000000e+00 0.000000000e+00 0.000000000e+00 0.000000000e+00 0.000000000e+00
 0.000000000e+00 0.000000000e+00 0.000000000e+00 0.000000000e+00 0.000000000e+00
 0.000000000e+00 0.000000000e+00-2.225929871e+02-3.051671143e+02-3.778512878e+02
-4.262291565e+02-4.386564026e+02-4.089234619e+02-3.383151855e+02-2.364320679e+02
-1.204505234e+02 0.000000000e+00 0.000000000e+00 0.000000000e+00 0.000000000e+00
 0.000000000e+00 0.000000000e+00 0.000000000e+00 0.000000000e+00 0.000000000e+00
 0.000000000e+00 0.000000000e+00 0.000000000e+00 0.000000000e+00 0.000000000e+00
 0.000000000e+00 0.000000000e+00 0.000000000e+00 0.000000000e+00 0.000000000e+00
 0.000000000e+00 0.000000000e+00 0.000000000e+00-2.161212158e+02-3.830960693e+02
-5.876201782e+02-8.057919922e+02-1.008648315e+03-1.165603516e+03-1.249557861e+03
-1.242611572e+03-1.140757568e+03-9.559378662e+02-7.145686035e+02-4.528276672e+02
-2.101225739e+02 0.000000000e+00 0.000000000e+00 0.000000000e+00 0.000000000e+00
 0.000000000e+00 0.000000000e+00 0.000000000e+00 0.000000000e+00 0.000000000e+00
 0.000000000e+00 0.000000000e+00 0.000000000e+00 0.000000000e+00 0.000000000e+00
 0.000000000e+00 0.000000000e+00 0.000000000e+00 0.000000000e+00 0.000000000e+00
-2.137481842e+02-4.646841431e+02-8.177095337e+02-1.246466675e+03-1.711234253e+03
-2.159980713e+03-2.533765137e+03-2.776282471e+03-2.845632568e+03-2.724864258e+03
-2.427499756e+03-1.995651001e+03-1.491046631e+03-9.819718628e+02-5.303860474e+02
-1.828486023e+02 0.000000000e+00 0.000000000e+00 0.000000000e+00 0.000000000e+00
 0.000000000e+00 0.000000000e+00 0.000000000e+00 0.000000000e+00 0.000000000e+00
 0.000000000e+00 0.000000000e+00 0.000000000e+00 0.000000000e+00 0.000000000e+00
 0.000000000e+00 0.000000000e+00 0.000000000e+00-3.975246277e+02-8.506181641e+02
-1.476665894e+03-2.240967529e+03-3.084168457e+03-3.921635254e+03-4.650920898e+03
-5.167933105e+03-5.388936523e+03-5.271895996e+03-4.829229980e+03-4.126398926e+03
-3.266247070e+03-2.364855225e+03-1.527467651e+03-8.317443237e+02-3.214225159e+02
 0.000000000e+00 0.000000000e+00 0.000000000e+00 0.000000000e+00 0.000000000e+00
 0.000000000e+00 0.000000000e+00 0.000000000e+00 0.000000000e+00 0.000000000e+00
 0.000000000e+00 0.000000000e+00 0.000000000e+00 0.000000000e+00 0.000000000e+00
-2.216471558e+02-6.441928711e+02-1.338000977e+03-2.291804199e+03-3.465933594e+03
-4.780974121e+03-6.113995117e+03-7.307575195e+03-8.194068359e+03-8.631556641e+03
-8.540926758e+03-7.929939453e+03-6.893515137e+03-5.589164551e+03-4.197217773e+03
-2.880942627e+03-1.759229248e+03-8.969555054e+02-3.105051880e+02 0.000000000e+00
 0.000000000e+00 0.000000000e+00 0.000000000e+00 0.000000000e+00 0.000000000e+00
 0.000000000e+00 0.000000000e+00 0.000000000e+00 0.000000000e+00 0.000000000e+00
 0.000000000e+00 0.000000000e+00 0.000000000e+00-3.217378235e+02-8.912706299e+02
-1.803783936e+03-3.055733154e+03-4.605900879e+03-6.358730957e+03-8.156868164e+03
-9.790976562e+03-1.103153906e+04-1.167873438e+04-1.161581348e+04-1.084522559e+04
-9.490986328e+03-7.764981445e+03-5.911032715e+03-4.148861816e+03-2.636375000e+03
-1.457307739e+03-6.299913940e+02-1.274112320e+02 0.000000000e+00 0.000000000e+00
 0.000000000e+00 0.000000000e+00 0.000000000e+00 0.000000000e+00 0.000000000e+00
 0.000000000e+00 0.000000000e+00 0.000000000e+00 0.000000000e+00 0.000000000e+00
 0.000000000e+00-3.923673096e+02-1.045504395e+03-2.076748047e+03-3.486730713e+03
-5.233204590e+03-7.211670898e+03-9.246112305e+03-1.109947656e+04-1.250981348e+04
-1.324786914e+04-1.317921777e+04-1.230645312e+04-1.077193066e+04-8.818342773e+03
-6.723629395e+03-4.736342773e+03-3.032934326e+03-1.704703613e+03-7.689485474e+02
-1.925480347e+02 0.000000000e+00 0.000000000e+00 0.000000000e+00 0.000000000e+00
 0.000000000e+00 0.000000000e+00 0.000000000e+00 0.000000000e+00 0.000000000e+00
 0.000000000e+00 0.000000000e+00 0.000000000e+00 0.000000000e+00-3.990121765e+02
-1.039909180e+03-2.041642090e+03-3.401270508e+03-5.073985352e+03-6.955483887e+03
-8.874468750e+03-1.060415918e+04-1.189778223e+04-1.254340723e+04-1.242169629e+04
-1.154371582e+04-1.005120605e+04-8.177754395e+03-6.186957520e+03-4.312109375e+03
-2.717071045e+03-1.485046875e+03-6.298021851e+02-1.182275467e+02 0.000000000e+00
 0.000000000e+00 0.000000000e+00 0.000000000e+00 0.000000000e+00 0.000000000e+00
 0.000000000e+00 0.000000000e+00 0.000000000e+00 0.000000000e+00 0.000000000e+00
 0.000000000e+00 0.000000000e+00-3.425671997e+02-8.842639160e+02-1.724327637e+03
-2.850860596e+03-4.216941895e+03-5.728228516e+03-7.239706543e+03-8.567781250e+03
-9.520301758e+03-9.939639648e+03-9.745570312e+03-8.961037109e+03-7.708749512e+03
-6.178907227e+03-4.580961914e+03-3.097794922e+03-1.856588379e+03-9.209779663e+02
-3.002058716e+02 0.000000000e+00 0.000000000e+00 0.000000000e+00 0.000000000e+00
 0.000000000e+00 0.000000000e+00 0.000000000e+00 0.000000000e+00 0.000000000e+00
 0.000000000e+00 0.000000000e+00 0.000000000e+00 0.000000000e+00 0.000000000e+00
-2.571147156e+02-6.549815674e+02-1.268466675e+03-2.077819824e+03-3.038086426e+03
-4.072693359e+03-5.074225098e+03-5.915561035e+03-6.471731445e+03-6.648142090e+03
-6.406277344e+03-5.776787109e+03-4.853766113e+03-3.771714355e+03-2.673844971e+03
-1.683028076e+03-8.837906494e+02-3.178782654e+02 0.000000000e+00 0.000000000e+00
 0.000000000e+00 0.000000000e+00 0.000000000e+00 0.000000000e+00 0.000000000e+00
 0.000000000e+00 0.000000000e+00 0.000000000e+00 0.000000000e+00 0.000000000e+00
 0.000000000e+00 0.000000000e+00 0.000000000e+00 0.000000000e+00-4.356435242e+02
-8.306140137e+02-1.341168457e+03-1.929284546e+03-2.539270508e+03-3.100683350e+03
-3.537072021e+03-3.779782471e+03-3.783646973e+03-3.539536133e+03-3.078861084e+03
-2.467708984e+03-1.792295288e+03-1.140755127e+03-5.871889648e+02-1.821889496e+02
 0.000000000e+00 0.000000000e+00 0.000000000e+00 0.000000000e+00 0.000000000e+00
 0.000000000e+00 0.000000000e+00 0.000000000e+00 0.000000000e+00 0.000000000e+00
 0.000000000e+00 0.000000000e+00 0.000000000e+00 0.000000000e+00 0.000000000e+00
 0.000000000e+00 0.000000000e+00-2.730186768e+02-5.003737183e+02-7.868068237e+02
-1.103632446e+03-1.414134033e+03-1.676834473e+03-1.851411377e+03-1.906358643e+03
-1.826473389e+03-1.617763794e+03-1.307827148e+03-9.411906128e+02-5.709356689e+02
-2.492510223e+02 0.000000000e+00 0.000000000e+00 0.000000000e+00 0.000000000e+00
 0.000000000e+00 0.000000000e+00 0.000000000e+00 0.000000000e+00 0.000000000e+00
 0.000000000e+00 0.000000000e+00 0.000000000e+00 0.000000000e+00 0.000000000e+00
 0.000000000e+00 0.000000000e+00 0.000000000e+00 0.000000000e+00 0.000000000e+00
 0.000000000e+00-2.918961182e+02-4.370746460e+02-5.873114014e+02-7.204632568e+02
-8.146384888e+02-8.517136841e+02-8.210915527e+02-7.226850586e+02-5.682673950e+02
-3.805523376e+02-1.900982819e+02 0.000000000e+00 0.000000000e+00 0.000000000e+00
 0.000000000e+00 0.000000000e+00 0.000000000e+00 0.000000000e+00 0.000000000e+00
 0.000000000e+00 0.000000000e+00 0.000000000e+00 0.000000000e+00 0.000000000e+00
 0.000000000e+00 0.000000000e+00 0.000000000e+00 0.000000000e+00 0.000000000e+00
 0.000000000e+00 0.000000000e+00 0.000000000e+00 0.000000000e+00-1.821896210e+02
-2.492105408e+02-3.096369629e+02-3.512997742e+02-3.643949585e+02-3.433122864e+02
-2.882572327e+02-2.058145752e+02-1.091497269e+02 0.000000000e+00 0.000000000e+00
 0.000000000e+00 0.000000000e+00 0.000000000e+00 0.000000000e+00 0.000000000e+00
 0.000000000e+00 0.000000000e+00 0.000000000e+00 0.000000000e+00 0.000000000e+00
 0.000000000e+00 0.000000000e+00 0.000000000e+00 0.000000000e+00 0.000000000e+00
 0.000000000e+00 0.000000000e+00 0.000000000e+00 0.000000000e+00 0.000000000e+00
 0.000000000e+00 0.000000000e+00 0.000000000e+00-1.670671234e+02-1.828701630e+02
-1.814743652e+02-1.604706421e+02 0.000000000e+00 0.000000000e+00 0.000000000e+00
 0.000000000e+00 0.000000000e+00 0.000000000e+00 0.000000000e+00 0.000000000e+00
 0.000000000e+00 0.000000000e+00 0.000000000e+00 0.000000000e+00 0.000000000e+00
 0.000000000e+00 0.000000000e+00 0.000000000e+00 0.000000000e+00 0.000000000e+00
 0.000000000e+00 0.000000000e+00 0.000000000e+00 0.000000000e+00 0.000000000e+00
 0.000000000e+00 0.000000000e+00 0.000000000e+00 0.000000000e+00 0.000000000e+00
 0.000000000e+00 0.000000000e+00 0.000000000e+00 0.000000000e+00 0.000000000e+00
 0.000000000e+00 0.000000000e+00 0.000000000e+00 0.000000000e+00 0.000000000e+00
 0.000000000e+00 0.000000000e+00 0.000000000e+00 0.000000000e+00 0.000000000e+00
 0.000000000e+00 0.000000000e+00 0.000000000e+00 0.000000000e+00 0.000000000e+00
 0.000000000e+00 0.000000000e+00 0.000000000e+00 0.000000000e+00 0.000000000e+00
 0.000000000e+00 0.000000000e+00 0.000000000e+00 0.000000000e+00 0.000000000e+00
 0.000000000e+00 0.000000000e+00 0.000000000e+00 0.000000000e+00 0.000000000e+00
 0.000000000e+00 0.000000000e+00 0.000000000e+00 0.000000000e+00 0.000000000e+00
 0.000000000e+00 0.000000000e+00 0.000000000e+00 0.000000000e+00 0.000000000e+00
 0.000000000e+00 0.000000000e+00 0.000000000e+00 0.000000000e+00 0.000000000e+00
 0.000000000e+00 0.000000000e+00 0.000000000e+00 0.000000000e+00 0.000000000e+00
 0.000000000e+00 0.000000000e+00 0.000000000e+00 0.000000000e+00 0.000000000e+00
 0.000000000e+00 0.000000000e+00 0.000000000e+00 0.000000000e+00 0.000000000e+00
 0.000000000e+00 0.000000000e+00 0.000000000e+00 0.000000000e+00 0.000000000e+00
 0.000000000e+00 0.000000000e+00 0.000000000e+00 0.000000000e+00 0.000000000e+00
 0.000000000e+00 0.000000000e+00 0.000000000e+00 0.000000000e+00 0.000000000e+00
 0.000000000e+00 0.000000000e+00 0.000000000e+00 0.000000000e+00 0.000000000e+00
 0.000000000e+00 0.000000000e+00 0.000000000e+00 0.000000000e+00 0.000000000e+00
 0.000000000e+00 0.000000000e+00 0.000000000e+00 0.000000000e+00 0.000000000e+00
 0.000000000e+00 0.000000000e+00 0.000000000e+00 0.000000000e+00 0.000000000e+00
 0.000000000e+00 0.000000000e+00 0.000000000e+00 0.000000000e+00 0.000000000e+00
 0.000000000e+00 0.000000000e+00 0.000000000e+00 0.000000000e+00 0.000000000e+00
 0.000000000e+00 0.000000000e+00 0.000000000e+00 0.000000000e+00 0.000000000e+00
 0.000000000e+00 0.000000000e+00 0.000000000e+00 0.000000000e+00 0.000000000e+00
 0.000000000e+00 0.000000000e+00 0.000000000e+00 0.000000000e+00 0.000000000e+00
 0.000000000e+00 0.000000000e+00 0.000000000e+00 0.000000000e+00 0.000000000e+00
 0.000000000e+00 0.000000000e+00 0.000000000e+00 0.000000000e+00 0.000000000e+00
 0.000000000e+00 0.000000000e+00 0.000000000e+00 0.000000000e+00 0.000000000e+00
 0.000000000e+00 0.000000000e+00 0.000000000e+00 0.000000000e+00 0.000000000e+00
 0.000000000e+00 0.000000000e+00 0.000000000e+00 0.000000000e+00 0.000000000e+00
 0.000000000e+00 0.000000000e+00 0.000000000e+00 0.000000000e+00 0.000000000e+00
 0.000000000e+00 0.000000000e+00 0.000000000e+00 0.000000000e+00 0.000000000e+00
 0.000000000e+00 0.000000000e+00 0.000000000e+00 0.000000000e+00 0.000000000e+00
 0.000000000e+00 0.000000000e+00 0.000000000e+00 0.000000000e+00 0.000000000e+00
 0.000000000e+00 0.000000000e+00 0.000000000e+00 0.000000000e+00 0.000000000e+00
 0.000000000e+00 0.000000000e+00 0.000000000e+00 0.000000000e+00 0.000000000e+00
 0.000000000e+00 0.000000000e+00 0.000000000e+00 0.000000000e+00 0.000000000e+00
 0.000000000e+00 0.000000000e+00 0.000000000e+00 0.000000000e+00 0.000000000e+00
 0.000000000e+00 0.000000000e+00 0.000000000e+00 0.000000000e+00 0.000000000e+00
 0.000000000e+00 0.000000000e+00 0.000000000e+00 0.000000000e+00 0.000000000e+00
 0.000000000e+00 0.000000000e+00 0.000000000e+00 0.000000000e+00 0.000000000e+00
 0.000000000e+00 0.000000000e+00 0.000000000e+00 0.000000000e+00 0.000000000e+00
 0.000000000e+00 0.000000000e+00 0.000000000e+00 0.000000000e+00 0.000000000e+00
 0.000000000e+00 0.000000000e+00 0.000000000e+00 0.000000000e+00 0.000000000e+00
 0.000000000e+00 0.000000000e+00 0.000000000e+00 0.000000000e+00 0.000000000e+00
 0.000000000e+00 0.000000000e+00 0.000000000e+00 0.000000000e+00 0.000000000e+00
 0.000000000e+00 0.000000000e+00 0.000000000e+00 0.000000000e+00 0.000000000e+00
 0.000000000e+00 0.000000000e+00 0.000000000e+00 0.000000000e+00 0.000000000e+00
 0.000000000e+00 0.000000000e+00 0.000000000e+00 0.000000000e+00 0.000000000e+00
 0.000000000e+00 0.000000000e+00 0.000000000e+00 0.000000000e+00 0.000000000e+00
 0.000000000e+00 0.000000000e+00 0.000000000e+00 0.000000000e+00 0.000000000e+00
 0.000000000e+00 0.000000000e+00 0.000000000e+00 0.000000000e+00
 001012 4-Nov-2008 13:07:461110128009.00960    

