 -8.646900225684481E-002
 -8.238542209549798E-002
 -7.442975288014074E-002
 -6.674867438032922E-002
 -5.936877139737451E-002
 -5.230046541944264E-002
 -4.557152915754734E-002
 -3.920759545302797E-002
 -3.323003375037183E-002
 -2.766888372162755E-002
 -2.253916447175487E-002
 -1.787277721279348E-002
 -1.369950207544551E-002
 -1.003369053685582E-002
 -6.900997321123231E-003
 -4.328056712709374E-003
 -2.336971410536723E-003
 -9.524982268421384E-004
 -1.921463505806936E-004
  1.921463505806936E-004
  7.327459026926497E-004
  1.703004076443512E-003
  3.099191588846265E-003
  4.912742972378786E-003
  7.138524198907717E-003
  9.770592822023763E-003
  1.279631782546477E-002
  1.621668577714966E-002
  2.004290637090385E-002
  2.426187315322946E-002
  2.885559663770182E-002
  3.384737223268658E-002
  3.922634679261285E-002
  4.498653795982428E-002
  5.113707854653667E-002
  5.767029375436679E-002
  6.458979649307313E-002
  6.817974067613254E-002
