 -6.314411796797670E-002
 -6.006782333168936E-002
 -5.409414526553111E-002
 -4.835721922818007E-002
 -4.287159179531626E-002
 -3.765006232378413E-002
 -3.270289520821870E-002
 -2.805010373321151E-002
 -2.370409910898329E-002
 -1.968216752283919E-002
 -1.600104521217794E-002
 -1.266732877822404E-002
 -9.688157208264006E-003
 -7.080381477025922E-003
 -4.863027762401828E-003
 -3.047757308943723E-003
 -1.646763447962794E-003
 -6.719511116254906E-004
 -1.357485269830594E-004
  1.357485269830455E-004
  5.174535525546003E-004
  1.200597941556802E-003
  2.180785910107050E-003
  3.454278733088956E-003
  5.014331266134930E-003
  6.853379833507436E-003
  8.965799554630088E-003
  1.134602804295799E-002
  1.399576709654728E-002
  1.691761986092014E-002
  2.010002970836738E-002
  2.352969678332369E-002
  2.721027606901368E-002
  3.115005698288462E-002
  3.533319304212025E-002
  3.974855013725469E-002
  4.440941664490081E-002
  4.682706272932995E-002
