  1.399615431282600E-003
  0.140798055038610     
  0.103042703194370     
  8.125834072205300E-002
  6.621341115670699E-002
  5.928720820579500E-002
  4.859482176474600E-002
  4.383746753863400E-002
  4.003089217820600E-002
  3.250805981250300E-002
  2.981560895189300E-002
  2.721894657565600E-002
  2.472077708960600E-002
  2.005168100072000E-002
  1.770070111409100E-002
  1.576327060071100E-002
  1.392111533051600E-002
  1.217537693422600E-002
  1.052714993882100E-002
  2.473413778522000E-002
  5.261340286135700E-002
  8.072912190888400E-002
  9.927075451776900E-002
  0.116290150550430     
  0.129065272447830     
  0.138672111106430     
  0.146003756493780     
  0.149797371855660     
  0.153709631301920     
  0.156560434491010     
  0.158555006797820     
  0.159874466356790     
  0.160161550971440     
  0.159692465073180     
  0.159829221926270     
  0.159719847605400     
  0.159427124851980     
  1.601413269089000E-003
