  4.873397710615935E-004
  5.746937990613406E-002
  5.304930764952231E-002
  4.577413775538394E-002
  4.034376567967080E-002
  3.864029373719598E-002
  3.352821300445347E-002
  3.179394844238492E-002
  2.972359712273972E-002
  2.510620663240566E-002
  2.340754239950879E-002
  2.136897555567160E-002
  1.940774782037771E-002
  1.622981232096726E-002
  1.472722836453462E-002
  1.311526095969106E-002
  1.158258018449239E-002
  1.013010721613937E-002
  8.758744263289587E-003
  2.057913010636497E-002
  4.475774009377759E-002
  7.033949162526237E-002
  8.790968931107712E-002
  0.105539077124902     
  0.119586220166339     
  0.130543036353646     
  0.139125193607471     
  0.144447978426761     
  0.149507015438129     
  0.152940602915353     
  0.155432763815898     
  0.157169777093427     
  0.157940174346568     
  0.157868720593871     
  0.158217705216761     
  0.158294066639397     
  0.158162716629722     
  1.589448341869148E-003
