5.000000000000000000e+00 4.031809680163860321e+00
1.500000000000000000e+01 5.114873404632089660e+01
2.500000000000000000e+01 5.035616544824733865e+01
3.500000000000000000e+01 2.112460003380250750e+00
4.500000000000000000e+01 2.867994899908080697e+01
5.500000000000000000e+01 4.785158961790148169e+01
6.500000000000000000e+01 3.496400133252585363e+01
7.500000000000000000e+01 2.944779806524485366e+01
8.500000000000000000e+01 2.620526646080011091e+01
9.500000000000000000e+01 1.174493028617757773e+01
1.050000000000000000e+02 1.644633780835292924e+01
1.150000000000000000e+02 1.684631474915642002e+01
1.250000000000000000e+02 4.349350913972671151e+00
1.350000000000000000e+02 4.224811691645953715e+00
1.450000000000000000e+02 3.639944074384402484e+00
1.550000000000000000e+02 4.886023199486789204e-01
1.650000000000000000e+02 8.444468689623714219e-01
1.750000000000000000e+02 1.805571897210029420e+00
1.850000000000000000e+02 1.789030438668532952e+00
1.950000000000000000e+02 1.855128680242186245e+00
2.050000000000000000e+02 4.138573685755275733e-01
2.150000000000000000e+02 1.241494544607121497e+00
2.250000000000000000e+02 1.461854333684428298e+00
2.350000000000000000e+02 1.017003998613535742e+00
2.450000000000000000e+02 1.259887425789202098e+00
2.550000000000000000e+02 7.150376515928655863e-01
2.650000000000000000e+02 6.994837981401360594e-01
2.750000000000000000e+02 1.178300030587266622e+00
2.850000000000000000e+02 5.129887355498965462e-01
2.950000000000000000e+02 4.142459316842594941e-01
3.050000000000000000e+02 9.686307235970161855e-01
3.150000000000000000e+02 4.781861277297139168e-01
3.250000000000000000e+02 6.360774576896801591e-01
3.350000000000000000e+02 7.435366970094037242e-02
3.450000000000000000e+02 1.161237071428331546e-01
3.550000000000000000e+02 0.000000000000000000e+00
3.650000000000000000e+02 1.069145370274782181e-01
3.750000000000000000e+02 0.000000000000000000e+00
3.850000000000000000e+02 0.000000000000000000e+00
3.950000000000000000e+02 0.000000000000000000e+00
4.050000000000000000e+02 0.000000000000000000e+00
4.150000000000000000e+02 0.000000000000000000e+00
4.250000000000000000e+02 0.000000000000000000e+00
4.350000000000000000e+02 0.000000000000000000e+00
4.450000000000000000e+02 0.000000000000000000e+00
4.550000000000000000e+02 0.000000000000000000e+00
4.650000000000000000e+02 0.000000000000000000e+00
4.750000000000000000e+02 0.000000000000000000e+00
4.850000000000000000e+02 0.000000000000000000e+00
4.950000000000000000e+02 0.000000000000000000e+00
5.050000000000000000e+02 0.000000000000000000e+00
5.150000000000000000e+02 0.000000000000000000e+00
5.250000000000000000e+02 0.000000000000000000e+00
5.350000000000000000e+02 0.000000000000000000e+00
5.450000000000000000e+02 0.000000000000000000e+00
5.550000000000000000e+02 0.000000000000000000e+00
5.650000000000000000e+02 0.000000000000000000e+00
5.750000000000000000e+02 0.000000000000000000e+00
5.850000000000000000e+02 0.000000000000000000e+00
5.950000000000000000e+02 0.000000000000000000e+00
6.050000000000000000e+02 0.000000000000000000e+00
6.150000000000000000e+02 0.000000000000000000e+00
6.250000000000000000e+02 0.000000000000000000e+00
6.350000000000000000e+02 0.000000000000000000e+00
6.450000000000000000e+02 0.000000000000000000e+00
6.550000000000000000e+02 0.000000000000000000e+00
6.650000000000000000e+02 0.000000000000000000e+00
6.750000000000000000e+02 0.000000000000000000e+00
6.850000000000000000e+02 0.000000000000000000e+00
6.950000000000000000e+02 0.000000000000000000e+00
7.050000000000000000e+02 0.000000000000000000e+00
7.150000000000000000e+02 0.000000000000000000e+00
7.250000000000000000e+02 0.000000000000000000e+00
7.350000000000000000e+02 0.000000000000000000e+00
7.450000000000000000e+02 0.000000000000000000e+00
7.550000000000000000e+02 0.000000000000000000e+00
7.650000000000000000e+02 0.000000000000000000e+00
7.750000000000000000e+02 0.000000000000000000e+00
7.850000000000000000e+02 0.000000000000000000e+00
7.950000000000000000e+02 0.000000000000000000e+00
8.050000000000000000e+02 0.000000000000000000e+00
8.150000000000000000e+02 0.000000000000000000e+00
8.250000000000000000e+02 0.000000000000000000e+00
8.350000000000000000e+02 0.000000000000000000e+00
8.450000000000000000e+02 0.000000000000000000e+00
8.550000000000000000e+02 0.000000000000000000e+00
8.650000000000000000e+02 0.000000000000000000e+00
8.750000000000000000e+02 0.000000000000000000e+00
8.850000000000000000e+02 0.000000000000000000e+00
8.950000000000000000e+02 0.000000000000000000e+00
9.050000000000000000e+02 0.000000000000000000e+00
9.150000000000000000e+02 0.000000000000000000e+00
9.250000000000000000e+02 0.000000000000000000e+00
9.350000000000000000e+02 0.000000000000000000e+00
9.450000000000000000e+02 0.000000000000000000e+00
9.550000000000000000e+02 0.000000000000000000e+00
9.650000000000000000e+02 0.000000000000000000e+00
9.750000000000000000e+02 0.000000000000000000e+00
9.850000000000000000e+02 0.000000000000000000e+00
9.950000000000000000e+02 0.000000000000000000e+00
