2.377917095219181647e+03
4.401309905074422204e+03
4.912448419402875516e+03
4.478976338964345814e+03
4.097918174974718568e+03
3.597497719528970265e+03
2.936299857889945542e+03
2.188934577992264167e+03
1.608322738559198342e+03
1.071809132810222764e+03
7.158617442590546034e+02
4.849709877987432947e+02
3.144157673563403819e+02
2.668913654613537005e+02
1.685552338737326750e+02
1.793830127520227791e+02
1.174483656817218105e+02
1.005188105324505159e+02
9.087957376101556406e+01
7.064059065444416774e+01
4.467206014519655355e+01
5.869238102191866346e+01
3.141355893106083386e+01
3.599707291664071818e+01
4.499554967815493001e+01
3.355996607316085090e+01
2.483371897393731587e+01
2.860587238366861129e+01
1.472294901504983500e+01
1.763972819695482031e+01
2.757477359514450654e+01
1.780906317415610829e+01
1.880863188893454208e+01
1.405428927973844111e+01
8.428266209099092521e+00
1.197872468456625938e+01
6.065457382703016265e+00
7.666348845639731735e+00
5.338287814743807758e+00
5.217463724489789456e+00
8.149404952302575111e+00
5.818981302989413962e+00
4.019866301212459803e+00
6.102673679590225220e+00
3.445073048161646057e+00
5.648460961878299713e+00
4.561924858018755913e+00
3.255619123578071594e+00
4.376200885948492214e+00
2.000000000000000000e+00
3.255017139017581940e+00
3.000000555443136818e+00
1.043487751070642844e+00
2.000000000000000000e+00
0.000000000000000000e+00
2.000166402998729609e+00
2.268401162698864937e+00
1.078264459967613220e+00
1.468525826930999756e-01
1.000000000000000000e+00
1.439756806939840317e-02
0.000000000000000000e+00
0.000000000000000000e+00
0.000000000000000000e+00
0.000000000000000000e+00
6.728610023856163025e-03
0.000000000000000000e+00
0.000000000000000000e+00
0.000000000000000000e+00
0.000000000000000000e+00
0.000000000000000000e+00
0.000000000000000000e+00
0.000000000000000000e+00
0.000000000000000000e+00
0.000000000000000000e+00
0.000000000000000000e+00
0.000000000000000000e+00
0.000000000000000000e+00
0.000000000000000000e+00
0.000000000000000000e+00
0.000000000000000000e+00
0.000000000000000000e+00
0.000000000000000000e+00
0.000000000000000000e+00
0.000000000000000000e+00
0.000000000000000000e+00
0.000000000000000000e+00
0.000000000000000000e+00
0.000000000000000000e+00
0.000000000000000000e+00
