45-0004 ITER fuldischargsimulati 2/2002           13  56  81
 0.825000000E+01 0.120000000E+02 0.620000000E+01 0.250000000E+01 0.000000000E+00
 0.656796595E+01 0.497012897E+00-0.105823304E+02-0.598261244E+01 0.530000000E+01
 0.660870931E+07-0.105823304E+02 0.123424656E-01 0.656796595E+01 0.316159204E-01
 0.497012897E+00 0.198853806E+01-0.598261244E+01 0.000000000E+00 0.000000000E+00
 0.327283152E+02 0.327333570E+02 0.327399254E+02 0.327457218E+02 0.327502116E+02
 0.327534202E+02 0.327557463E+02 0.327573343E+02 0.327586969E+02 0.327601771E+02
 0.327618307E+02 0.327637614E+02 0.327661624E+02 0.327690910E+02 0.327724253E+02
 0.327761084E+02 0.327802323E+02 0.327847249E+02 0.327893777E+02 0.327937631E+02
 0.327973553E+02 0.327997321E+02 0.328009539E+02 0.328013925E+02 0.328017739E+02
 0.328025441E+02 0.328039239E+02 0.328059184E+02 0.328082726E+02 0.328104907E+02
 0.328124674E+02 0.328142201E+02 0.328158403E+02 0.328173351E+02 0.328186338E+02
 0.328198184E+02 0.328209590E+02 0.328221048E+02 0.328231881E+02 0.328242012E+02
 0.328251917E+02 0.328261620E+02 0.328271228E+02 0.328280763E+02 0.328290022E+02
 0.328298849E+02 0.328306719E+02 0.328312442E+02 0.328316857E+02 0.328319941E+02
 0.328318217E+02 0.328352112E+02 0.328463400E+02 0.328530692E+02 0.328573824E+02
 0.328600000E+02
 0.353360263E+06 0.347234184E+06 0.338492051E+06 0.329342082E+06 0.320082717E+06
 0.310880008E+06 0.301748140E+06 0.292693820E+06 0.283687137E+06 0.274682162E+06
 0.265642850E+06 0.256542877E+06 0.247351068E+06 0.238038053E+06 0.228581456E+06
 0.218973239E+06 0.209215949E+06 0.199333591E+06 0.189390994E+06 0.179508374E+06
 0.169867658E+06 0.160690317E+06 0.152149935E+06 0.144240980E+06 0.136905798E+06
 0.130085025E+06 0.123724686E+06 0.117779394E+06 0.112210898E+06 0.106991559E+06
 0.102101665E+06 0.975245432E+05 0.932422118E+05 0.892360703E+05 0.854885968E+05
 0.819827732E+05 0.787009225E+05 0.756246760E+05 0.727366981E+05 0.700207426E+05
 0.674596234E+05 0.650357675E+05 0.627310778E+05 0.605261936E+05 0.583999859E+05
 0.563281389E+05 0.542815439E+05 0.522238740E+05 0.501078245E+05 0.478674981E+05
 0.454099387E+05 0.383882750E+05 0.232851197E+05 0.124002792E+05 0.527536134E+04
 0.104024280E+04
 0.300139154E+01 0.269674611E+01 0.239210068E+01 0.208745525E+01 0.144504700E+01
 0.110219205E+01 0.729932746E+00 0.547203349E+00 0.538321400E+00 0.624829592E+00
 0.673968688E+00 0.843743672E+00 0.104047060E+01 0.124506963E+01 0.136704921E+01
 0.152849619E+01 0.169719389E+01 0.181121056E+01 0.180895301E+01 0.160569979E+01
 0.118166690E+01 0.690958606E+00 0.281941863E+00 0.107017608E+00 0.208874922E+00
 0.421788721E+00 0.656328388E+00 0.902924989E+00 0.906146734E+00 0.828743409E+00
 0.722595049E+00 0.657158535E+00 0.615636173E+00 0.547070026E+00 0.481219144E+00
 0.452446388E+00 0.446138349E+00 0.449008698E+00 0.405220444E+00 0.392627181E+00
 0.384514338E+00 0.376201027E+00 0.379753613E+00 0.369406517E+00 0.356851380E+00
 0.336699256E+00 0.266446036E+00 0.204182258E+00 0.135314558E+00 0.854589210E-01
-0.277529563E+00 0.554333893E+01 0.332966136E+01 0.209824521E+01 0.124593225E+01
 0.000000000E+00
-0.102533316E+06-0.105200767E+06-0.107868218E+06-0.110535669E+06-0.110475702E+06
-0.109639360E+06-0.108715820E+06-0.107884006E+06-0.107590583E+06-0.107816879E+06
-0.108382965E+06-0.109287792E+06-0.110575222E+06-0.112194281E+06-0.113985917E+06
-0.115782408E+06-0.117481268E+06-0.118702459E+06-0.118848664E+06-0.117206680E+06
-0.113011255E+06-0.106107416E+06-0.982111922E+05-0.909975130E+05-0.845037316E+05
-0.786932625E+05-0.734807161E+05-0.687622141E+05-0.644442502E+05-0.603963633E+05
-0.565601830E+05-0.529326144E+05-0.495223991E+05-0.463174394E+05-0.433321280E+05
-0.405414283E+05-0.379792431E+05-0.356201437E+05-0.334717619E+05-0.315222290E+05
-0.297705782E+05-0.282354106E+05-0.269269309E+05-0.258489221E+05-0.250438758E+05
-0.245599086E+05-0.244583100E+05-0.248416994E+05-0.258871286E+05-0.278872291E+05
-0.310743135E+05-0.204717300E+06-0.154993408E+06-0.106314407E+06-0.653858301E+05
 0.000000000E+00
-0.870518426E+01-0.929602483E+01-0.994732142E+01-0.106481325E+02-0.113865573E+02
-0.121482609E+02-0.129154139E+02-0.136659797E+02-0.143735378E+02-0.150079291E+02
-0.155369959E+02-0.159294676E+02-0.161586023E+02-0.162056956E+02-0.160623574E+02
-0.157307874E+02-0.152220418E+02-0.145530214E+02-0.137431811E+02-0.128117666E+02
-0.117759438E+02-0.106498090E+02-0.944406774E+01-0.816613035E+01-0.682041508E+01
-0.540872756E+01-0.393064138E+01-0.238385749E+01-0.764560589E+00 0.932169375E+00
 0.271177747E+01 0.457928121E+01 0.653758178E+01 0.858441066E+01 0.107069008E+02
 0.128724477E+02 0.150151111E+02 0.170207142E+02 0.187243249E+02 0.199453898E+02
 0.205677359E+02 0.206081311E+02 0.202002610E+02 0.195147056E+02 0.186940608E+02
 0.178333531E+02 0.169873974E+02 0.161842736E+02 0.154362646E+02 0.147469533E+02
 0.141154008E+02 0.135384944E+02 0.130122328E+02 0.125324319E+02 0.120952170E+02
 0.116975696E+02-0.845322942E+01-0.897335652E+01-0.954631063E+01-0.101610592E+02
-0.108056695E+02-0.114662392E+02-0.121262399E+02-0.127661978E+02-0.133638031E+02
-0.138945922E+02-0.143333064E+02-0.146558828E+02-0.148417894E+02-0.148761911E+02
-0.147513634E+02-0.144669377E+02-0.140289514E+02-0.134481019E+02-0.127376600E+02
-0.119115674E+02-0.109829880E+02-0.996338573E+01-0.886206578E+01-0.768606158E+01
-0.644022254E+01-0.512744796E+01-0.374898549E+01-0.230478030E+01-0.793893663E+00
 0.784956372E+00 0.243263206E+01 0.414842548E+01 0.592826932E+01 0.776196074E+01
 0.962901294E+01 0.114929791E+02 0.132950733E+02 0.149503347E+02 0.163532865E+02
 0.174009438E+02 0.180302960E+02 0.182467311E+02 0.181184264E+02 0.177430041E+02
 0.172144602E+02 0.166064406E+02 0.159697521E+02 0.153364716E+02 0.147253749E+02
 0.141465173E+02 0.136045180E+02 0.131007362E+02 0.126346521E+02 0.122047170E+02
 0.118088413E+02 0.114444805E+02-0.816563950E+01-0.862877544E+01-0.913530483E+01
-0.967613403E+01-0.102403969E+02-0.108152640E+02-0.113857919E+02-0.119349266E+02
-0.124437743E+02-0.128922366E+02-0.132600514E+02-0.135281803E+02-0.136803456E+02
-0.137044109E+02-0.135933098E+02-0.133452520E+02-0.129631352E+02-0.124535984E+02
-0.118256260E+02-0.110892526E+02-0.102544836E+02-0.933052087E+01-0.832529530E+01
-0.724529717E+01-0.609550626E+01-0.487956310E+01-0.359999888E+01-0.225855561E+01
-0.856615027E+00 0.604229539E+00 0.212138737E+01 0.369016477E+01 0.530220955E+01
 0.694337864E+01 0.859100225E+01 0.102108333E+02 0.117546671E+02 0.131607373E+02
 0.143599407E+02 0.152898510E+02 0.159132177E+02 0.162308096E+02 0.162793826E+02
 0.161168093E+02 0.158049246E+02 0.153980591E+02 0.149385202E+02 0.144566679E+02
 0.139730014E+02 0.135006462E+02 0.130475335E+02 0.126180746E+02 0.122143606E+02
 0.118369796E+02 0.114855375E+02 0.111589365E+02-0.785351224E+01-0.826822834E+01
-0.871804354E+01-0.919586602E+01-0.969207963E+01-0.101950644E+02-0.106914437E+02
-0.111663058E+02-0.116035507E+02-0.119864468E+02-0.122984244E+02-0.125240551E+02
-0.126500927E+02-0.126663448E+02-0.125663683E+02-0.123475712E+02-0.120109873E+02
-0.115605356E+02-0.110022182E+02-0.103432188E+02-0.959110983E+01-0.875324124E+01
-0.783633041E+01-0.684621743E+01-0.578785569E+01-0.466535586E+01-0.348218165E+01
-0.224142361E+01-0.946205442E+00 0.399781045E+00 0.179156941E+01 0.322198184E+01
 0.468042642E+01 0.615142640E+01 0.761300366E+01 0.903527587E+01 0.103800064E+02
 0.116022575E+02 0.126553412E+02 0.134992326E+02 0.141101929E+02 0.144870535E+02
 0.146504804E+02 0.146359124E+02 0.144844052E+02 0.142352839E+02 0.139220476E+02
 0.135710533E+02 0.132018828E+02 0.128284453E+02 0.124602365E+02 0.121034736E+02
 0.117620120E+02 0.114380370E+02 0.111325613E+02 0.108457782E+02-0.752668217E+01
-0.789703969E+01-0.829761616E+01-0.872196854E+01-0.916116738E+01-0.960453828E+01
-0.100400458E+02-0.104545837E+02-0.108343139E+02-0.111651270E+02-0.114332400E+02
-0.116258937E+02-0.117320249E+02-0.117430102E+02-0.116529618E+02-0.114589151E+02
-0.111606651E+02-0.107603589E+02-0.102619352E+02-0.967051134E+01-0.899181250E+01
-0.823170859E+01-0.739586260E+01-0.648953323E+01-0.551751162E+01-0.448415850E+01
-0.339354861E+01-0.224972209E+01-0.105700925E+01 0.179492921E+00 0.145334936E+01
 0.275605122E+01 0.407616473E+01 0.539839777E+01 0.670274652E+01 0.796401473E+01
 0.915217247E+01 0.102341216E+02 0.111772623E+02 0.119545894E+02 0.125499585E+02
 0.129613872E+02 0.132008098E+02 0.132905279E+02 0.132581605E+02 0.131320252E+02
 0.129379934E+02 0.126979195E+02 0.124292502E+02 0.121453303E+02 0.118560188E+02
 0.115683756E+02 0.112872963E+02 0.110160433E+02 0.107566694E+02 0.105103501E+02
-0.718850630E+01-0.751744377E+01-0.787550552E+01-0.825517946E+01-0.864743928E+01
-0.904216412E+01-0.942837815E+01-0.979446104E+01-0.101284099E+02-0.104181886E+02
-0.106521683E+02-0.108195892E+02-0.109111583E+02-0.109193876E+02-0.108389304E+02
-0.106666961E+02-0.104017115E+02-0.100449553E+02-0.959893500E+01-0.906727391E+01
-0.845430026E+01-0.776473288E+01-0.700335058E+01-0.617486607E+01-0.528384563E+01
-0.433473419E+01-0.333196620E+01-0.228016099E+01-0.118442018E+01-0.506764508E-01
 0.111387510E+01 0.230020430E+01 0.349691250E+01 0.468967579E+01 0.586086780E+01
 0.698954683E+01 0.805207717E+01 0.902363933E+01 0.988071026E+01 0.106042099E+02
 0.111825223E+02 0.116133422E+02 0.119036180E+02 0.120676767E+02 0.121243424E+02
 0.120940308E+02 0.119964812E+02 0.118493487E+02 0.116675588E+02 0.114632062E+02
 0.112457703E+02 0.110224771E+02 0.107986988E+02 0.105783294E+02 0.103641132E+02
 0.101579211E+02-0.683479620E+01-0.712815991E+01-0.745154106E+01-0.779543164E+01
-0.815029122E+01-0.850633030E+01-0.885344638E+01-0.918127346E+01-0.947933164E+01
-0.973726554E+01-0.994513272E+01-0.100938297E+02-0.101753837E+02-0.101832444E+02
-0.101125648E+02-0.996024369E+01-0.972493434E+01-0.940681779E+01-0.900740370E+01
-0.852923901E+01-0.797562132E+01-0.735031325E+01-0.665738410E+01-0.590106315E+01
-0.508564986E+01-0.421554906E+01-0.329535074E+01-0.232998225E+01-0.132492886E+01
-0.286501934E+00 0.777797337E+00 0.185895975E+01 0.294613755E+01 0.402630504E+01
 0.508417885E+01 0.610241277E+01 0.706224025E+01 0.794466374E+01 0.873216352E+01
 0.941068676E+01 0.997145730E+01 0.104120663E+02 0.107364865E+02 0.109540371E+02
 0.110776866E+02 0.111222040E+02 0.111025657E+02 0.110328176E+02 0.109254101E+02
 0.107909199E+02 0.106380401E+02 0.104737275E+02 0.103034262E+02 0.101313119E+02
 0.996052784E+01 0.979339731E+01-0.645750157E+01-0.672630548E+01-0.702493888E+01
-0.734248266E+01-0.766916920E+01-0.799565502E+01-0.831270271E+01-0.861108959E+01
-0.888166036E+01-0.911544977E+01-0.930396549E+01-0.943938614E+01-0.951480165E+01
-0.952451976E+01-0.946413986E+01-0.933066624E+01-0.912249940E+01-0.883932610E+01
-0.848196940E+01-0.805219598E+01-0.755251396E+01-0.698598259E+01-0.635607226E+01
-0.566654456E+01-0.492142276E+01-0.412498368E+01-0.328181610E+01-0.239693490E+01
-0.147594643E+01-0.525243180E+00 0.447763723E+00 0.143443000E+01 0.242462420E+01
 0.340673476E+01 0.436759949E+01 0.529280857E+01 0.616727705E+01 0.697614924E+01
 0.770598011E+01 0.834602459E+01 0.888936492E+01 0.933358647E+01 0.968081575E+01
 0.993712857E+01 0.101115185E+02 0.102147033E+02 0.102580149E+02 0.102525226E+02
 0.102084415E+02 0.101348033E+02 0.100393323E+02 0.992846325E+01 0.980744278E+01
 0.968047302E+01 0.955086849E+01 0.942120937E+01-0.605155340E+01-0.631067295E+01
-0.659593075E+01-0.689677430E+01-0.720405830E+01-0.750927869E+01-0.780420708E+01
-0.808075440E+01-0.833097515E+01-0.854714713E+01-0.872197953E+01-0.884871517E+01
-0.892141280E+01-0.893504909E+01-0.888565675E+01-0.877039526E+01-0.858755691E+01
-0.833651051E+01-0.801760373E+01-0.763203603E+01-0.718172062E+01-0.666915287E+01
-0.609730269E+01-0.546953346E+01-0.478956476E+01-0.406147790E+01-0.328975199E+01
-0.247932561E+01-0.163573699E+01-0.765236881E+00 0.125054572E+00 0.102701889E+01
 0.193144277E+01 0.282795418E+01 0.370527109E+01 0.455134294E+01 0.535387202E+01
 0.610099162E+01 0.678209121E+01 0.738867335E+01 0.791508142E+01 0.835893617E+01
 0.872117905E+01 0.900572479E+01 0.921881464E+01 0.936823444E+01 0.946253984E+01
 0.951039686E+01 0.952008975E+01 0.949920166E+01 0.945444518E+01 0.939160749E+01
 0.931557384E+01 0.923039864E+01 0.913940085E+01 0.904526742E+01-0.562032921E+01
-0.588430427E+01-0.616703862E+01-0.646009334E+01-0.675583940E+01-0.704705536E+01
-0.732671106E+01-0.758788764E+01-0.782378287E+01-0.802781226E+01-0.819371851E+01
-0.831569682E+01-0.838860121E+01-0.840801421E+01-0.837036774E+01-0.827300353E+01
-0.811419030E+01-0.789309912E+01-0.760974619E+01-0.726491301E+01-0.686005578E+01
-0.639721619E+01-0.587894446E+01-0.530824151E+01-0.468852772E+01-0.402363960E+01
-0.331784974E+01-0.257594161E+01-0.180325388E+01-0.100574621E+01-0.190128731E+00
 0.636090953E+00 0.146457943E+01 0.228621656E+01 0.309118398E+01 0.386936122E+01
 0.461057298E+01 0.530514275E+01 0.594447743E+01 0.652165069E+01 0.703188839E+01
 0.747286130E+01 0.784472701E+01 0.814992114E+01 0.839274180E+01 0.857882870E+01
 0.871461951E+01 0.880685898E+01 0.886220401E+01 0.888694025E+01 0.888680419E+01
 0.886689370E+01 0.883164492E+01 0.878485484E+01 0.872973154E+01 0.866895870E+01
-0.517544960E+01-0.545465119E+01-0.574325616E+01-0.603570077E+01-0.632636335E+01
-0.660957935E+01-0.687963791E+01-0.713080712E+01-0.735738749E+01-0.755381840E+01
-0.771476833E+01-0.783528486E+01-0.791090141E+01-0.793774145E+01-0.791260498E+01
-0.783302549E+01-0.769729611E+01-0.750446672E+01-0.725431704E+01-0.694731222E+01
-0.658454814E+01-0.616769423E+01-0.569894117E+01-0.518095953E+01-0.461687437E+01
-0.401025804E+01-0.336514160E+01-0.268604682E+01-0.197801673E+01-0.124670677E+01
-0.498327407E+00 0.260245745E+00 0.102151362E+01 0.177742161E+01 0.251949917E+01
 0.323903561E+01 0.392753150E+01 0.457693926E+01 0.518013216E+01 0.573130935E+01
 0.622632998E+01 0.666291664E+01 0.704069342E+01 0.736105884E+01 0.762691255E+01
 0.784230309E+01 0.801204371E+01 0.814134803E+01 0.823551958E+01 0.829971175E+01
 0.833876073E+01 0.835708422E+01 0.835863364E+01 0.834688642E+01 0.832486529E+01
 0.829517417E+01-0.473217756E+01-0.503167537E+01-0.533121065E+01-0.562792901E+01
-0.591823272E+01-0.619804362E+01-0.646296677E+01-0.670841993E+01-0.692973045E+01
-0.712226738E+01-0.728154016E+01-0.740332819E+01-0.748377560E+01-0.751948421E+01
-0.750758814E+01-0.744580787E+01-0.733248302E+01-0.716658552E+01-0.694771653E+01
-0.667609015E+01-0.635250713E+01-0.597832263E+01-0.555541306E+01-0.508614678E+01
-0.457336266E+01-0.402035951E+01-0.343089700E+01-0.280920736E+01-0.216001138E+01
-0.148853946E+01-0.800578495E+00-0.102357538E+00 0.599387832E+00 0.129752836E+01
 0.198467394E+01 0.265336347E+01 0.329626451E+01 0.390660356E+01 0.447834168E+01
 0.500650060E+01 0.548740305E+01 0.591881892E+01 0.629999902E+01 0.663159773E+01
 0.691548912E+01 0.715452592E+01 0.735226559E+01 0.751270001E+01 0.764001392E+01
 0.773838740E+01 0.781184798E+01 0.786417064E+01 0.789881976E+01 0.791892430E+01
 0.792727767E+01 0.792635386E+01-0.430518400E+01-0.462563534E+01-0.493797180E+01
-0.524151418E+01-0.553440547E+01-0.581398336E+01-0.607704708E+01-0.632005235E+01
-0.653925093E+01-0.673084330E+01-0.689107810E+01-0.701637804E+01-0.710342534E+01
-0.714924368E+01-0.715126500E+01-0.710738085E+01-0.701597962E+01-0.687597220E+01
-0.668680930E+01-0.644849044E+01-0.616156157E+01-0.582710322E+01-0.544671193E+01
-0.502247909E+01-0.455697119E+01-0.405321515E+01-0.351469018E+01-0.294532570E+01
-0.234950202E+01-0.173205013E+01-0.109824244E+01-0.453806210E+00 0.195241845E+00
 0.842566693E+00 0.148167351E+01 0.210606590E+01 0.270944210E+01 0.328586477E+01
 0.383017151E+01 0.433799119E+01 0.480599059E+01 0.523197944E+01 0.561493984E+01
 0.595498004E+01 0.625320794E+01 0.651156461E+01 0.673262742E+01 0.691940893E+01
 0.707517011E+01 0.720326068E+01 0.730699284E+01 0.738954962E+01 0.745392538E+01
 0.750289348E+01 0.753899521E+01 0.756454411E+01-0.390683493E+01-0.424564667E+01
-0.457004782E+01-0.488093576E+01-0.517776177E+01-0.545897861E+01-0.572237909E+01
-0.596527311E+01-0.618472700E+01-0.637764297E+01-0.654091648E+01-0.667152943E+01
-0.676663256E+01-0.682361757E+01-0.684017605E+01-0.681434636E+01-0.674455213E+01
-0.662963737E+01-0.646890381E+01-0.626214826E+01-0.600968203E+01-0.571233659E+01
-0.537145568E+01-0.498887814E+01-0.456691663E+01-0.410833747E+01-0.361634428E+01
-0.309456550E+01-0.254704348E+01-0.197822104E+01-0.139291983E+01-0.796304848E+00
-0.193869617E+00 0.408764400E+00 0.100584500E+01 0.159165288E+01 0.216066721E+01
 0.270766643E+01 0.322809281E+01 0.371804675E+01 0.417445538E+01 0.459515991E+01
 0.497894303E+01 0.532550293E+01 0.563536436E+01 0.590976305E+01 0.615050299E+01
 0.635980635E+01 0.654016948E+01 0.669423526E+01 0.682468794E+01 0.693417298E+01
 0.702524145E+01 0.710031650E+01 0.716167811E+01 0.721146187E+01-0.354672959E+01
-0.389887247E+01-0.423268224E+01-0.454989454E+01-0.485073457E+01-0.513439946E+01
-0.539940483E+01-0.564373709E+01-0.586511648E+01-0.606103664E+01-0.622893787E+01
-0.636628145E+01-0.647062197E+01-0.653966897E+01-0.657133587E+01-0.656377875E+01
-0.651543051E+01-0.642504019E+01-0.629173243E+01-0.611509092E+01-0.589519528E+01
-0.563264336E+01-0.532854989E+01-0.498452771E+01-0.460266017E+01-0.418547283E+01
-0.373590896E+01-0.325730930E+01-0.275339347E+01-0.222823900E+01-0.168625295E+01
-0.113213184E+01-0.570806785E+00-0.741626169E-02 0.552951125E+00 0.110519579E+01
 0.164440231E+01 0.216596893E+01 0.266570937E+01 0.314012806E+01 0.358634254E+01
 0.400221522E+01 0.438637537E+01 0.473820592E+01 0.505777931E+01 0.534577707E+01
 0.560338561E+01 0.583218364E+01 0.603403121E+01 0.621096840E+01 0.636512920E+01
 0.649867371E+01 0.661373932E+01 0.671241013E+01 0.679670246E+01 0.686856353E+01
-0.323081197E+01-0.358988305E+01-0.392938386E+01-0.425096611E+01-0.455504797E+01
-0.484118823E+01-0.510835914E+01-0.535503497E+01-0.557944122E+01-0.577954979E+01
-0.595325260E+01-0.609841612E+01-0.621294073E+01-0.629480967E+01-0.634212498E+01
-0.635313234E+01-0.632624075E+01-0.626005180E+01-0.615343781E+01-0.600574164E+01
-0.581679797E+01-0.558698074E+01-0.531720179E+01-0.500888147E+01-0.466390672E+01
-0.428459037E+01-0.387363836E+01-0.343412430E+01-0.296946756E+01-0.248340956E+01
-0.197998270E+01-0.146346887E+01-0.938343068E+00-0.409270422E+00 0.119148233E+00
 0.642325929E+00 0.115583271E+01 0.165551434E+01 0.213753936E+01 0.259866326E+01
 0.303615763E+01 0.344789842E+01 0.383239249E+01 0.418877444E+01 0.451675904E+01
 0.481658548E+01 0.508894065E+01 0.533487417E+01 0.555571259E+01 0.575297930E+01
 0.592832476E+01 0.608347044E+01 0.622016805E+01 0.634017433E+01 0.644524092E+01
 0.653711748E+01-0.296028291E+01-0.332027449E+01-0.366174503E+01-0.398547363E+01
-0.429160803E+01-0.457976669E+01-0.484916426E+01-0.509860299E+01-0.532668645E+01
-0.553176418E+01-0.571209794E+01-0.586589486E+01-0.599135240E+01-0.608669322E+01
-0.615018542E+01-0.618014734E+01-0.617493777E+01-0.613293666E+01-0.605257189E+01
-0.593293445E+01-0.577357673E+01-0.557465982E+01-0.533693029E+01-0.506166443E+01
-0.475059816E+01-0.440586786E+01-0.402996997E+01-0.362573467E+01-0.319630595E+01
-0.274512055E+01-0.227587732E+01-0.179249840E+01-0.129907999E+01-0.799834547E+00
-0.299047764E+00 0.199145909E+00 0.690691882E+00 0.117177037E+01 0.163887869E+01
 0.208888018E+01 0.251919944E+01 0.292771124E+01 0.331281966E+01 0.367345847E+01
 0.400905406E+01 0.431948701E+01 0.460503489E+01 0.486630752E+01 0.510418022E+01
 0.531973019E+01 0.551418021E+01 0.568885296E+01 0.584513810E+01 0.598447353E+01
 0.610834167E+01 0.621828077E+01-0.273206871E+01-0.308907910E+01-0.342969988E+01
-0.375361842E+01-0.406054815E+01-0.435002871E+01-0.462139459E+01-0.487366821E+01
-0.510573589E+01-0.531624425E+01-0.550375783E+01-0.566677188E+01-0.580374376E+01
-0.591311439E+01-0.599331251E+01-0.604273831E+01-0.605971862E+01-0.604238349E+01
-0.598810939E+01-0.589595110E+01-0.576504283E+01-0.559536790E+01-0.538757303E+01
-0.514286752E+01-0.486289997E+01-0.454967370E+01-0.420550404E+01-0.383299900E+01
-0.343504910E+01-0.301481728E+01-0.257570701E+01-0.212132831E+01-0.165545380E+01
-0.118195826E+01-0.704804249E+00-0.227822026E+00 0.245236902E+00 0.710813738E+00
 0.116562347E+01 0.160666737E+01 0.203143040E+01 0.243778812E+01 0.282405692E+01
 0.318900442E+01 0.353182018E+01 0.385208962E+01 0.414975076E+01 0.442504399E+01
 0.467845940E+01 0.491068562E+01 0.512256394E+01 0.531505096E+01 0.548919230E+01
 0.564610991E+01 0.578700530E+01 0.591318099E+01-0.254137816E+01-0.289405569E+01
-0.323219082E+01-0.355482035E+01-0.386139333E+01-0.415140733E+01-0.442428980E+01
-0.467922993E+01-0.491533419E+01-0.513148668E+01-0.532650257E+01-0.549912470E+01
-0.564804495E+01-0.577191505E+01-0.586933794E+01-0.593883708E+01-0.597882527E+01
-0.598772271E+01-0.595943539E+01-0.589460612E+01-0.579119112E+01-0.564919847E+01
-0.546928732E+01-0.525273041E+01-0.500117741E+01-0.471654327E+01-0.440098281E+01
-0.405689292E+01-0.368692140E+01-0.329398940E+01-0.288123824E+01-0.245200827E+01
-0.200980632E+01-0.155825099E+01-0.110098548E+01-0.641686834E+00-0.183840573E+00
 0.269182210E+00 0.714244383E+00 0.114849329E+01 0.156938063E+01 0.197480635E+01
 0.236300362E+01 0.273259852E+01 0.308258275E+01 0.341229567E+01 0.372139059E+01
 0.400979481E+01 0.427766688E+01 0.452535437E+01 0.475335544E+01 0.496228717E+01
 0.515286374E+01 0.532588774E+01 0.548225860E+01 0.562300346E+01-0.238466020E+01
-0.273316292E+01-0.306791968E+01-0.338810526E+01-0.369325771E+01-0.398296964E+01
-0.425679236E+01-0.451406354E+01-0.475407004E+01-0.497588960E+01-0.517854736E+01
-0.536100273E+01-0.552216615E+01-0.566090447E+01-0.577602103E+01-0.586618890E+01
-0.592978564E+01-0.596447458E+01-0.596597711E+01-0.592950439E+01-0.585258538E+01
-0.573668817E+01-0.558253345E+01-0.539170096E+01-0.516595463E+01-0.490714660E+01
-0.461726901E+01-0.429849914E+01-0.395325256E+01-0.358419996E+01-0.319427020E+01
-0.278656519E+01-0.236437842E+01-0.193111574E+01-0.149023499E+01-0.104523833E+01
-0.599463205E+00-0.156138740E+00 0.281702885E+00 0.711281651E+00 0.113006423E+01
 0.153591444E+01 0.192699786E+01 0.230181977E+01 0.265920474E+01 0.299828521E+01
 0.331847414E+01 0.361943195E+01 0.390103049E+01 0.416331659E+01 0.440647811E+01
 0.463081511E+01 0.483671927E+01 0.502466552E+01 0.519522118E+01 0.534908101E+01
-0.226116311E+01-0.260539025E+01-0.293579582E+01-0.325235125E+01-0.355498099E+01
-0.384349049E+01-0.411758351E+01-0.437673267E+01-0.462037251E+01-0.484773767E+01
-0.505802867E+01-0.525039511E+01-0.542395519E+01-0.557780586E+01-0.571101184E+01
-0.582255254E+01-0.591117236E+01-0.597496639E+01-0.601000635E+01-0.600327565E+01
-0.595034331E+01-0.585886452E+01-0.572800968E+01-0.556034724E+01-0.535784779E+01
-0.512224543E+01-0.485532327E+01-0.455898567E+01-0.423539972E+01-0.388701640E+01
-0.351653754E+01-0.312690634E+01-0.272124716E+01-0.230281021E+01-0.187493320E+01
-0.144096334E+01-0.100421111E+01-0.567784951E+00-0.134660399E+00 0.292412048E+00
 0.710937394E+00 0.111867975E+01 0.151376893E+01 0.189460125E+01 0.225985861E+01
 0.260849879E+01 0.293973160E+01 0.325299004E+01 0.354789822E+01 0.382423814E+01
 0.408191749E+01 0.432094059E+01 0.454138547E+01 0.474339050E+01 0.492715681E+01
 0.509297655E+01-0.217246250E+01-0.251056946E+01-0.283488421E+01-0.314629414E+01
-0.344515242E+01-0.373147760E+01-0.400510268E+01-0.426560084E+01-0.451251508E+01
-0.474520015E+01-0.496299778E+01-0.516521951E+01-0.535117623E+01-0.552020156E+01
-0.567166999E+01-0.580500950E+01-0.591973056E+01-0.601569415E+01-0.608145091E+01
-0.610653127E+01-0.608469184E+01-0.601747982E+01-0.590644725E+01-0.575917825E+01
-0.557746971E+01-0.536264382E+01-0.511620017E+01-0.483962849E+01-0.453482749E+01
-0.420406274E+01-0.384985185E+01-0.347497406E+01-0.308243725E+01-0.267543750E+01
-0.225723402E+01-0.183111751E+01-0.140036090E+01-0.968046482E+00-0.537122614E+00
-0.110334065E+00 0.309814014E+00 0.721040052E+00 0.112139850E+01 0.150919829E+01
 0.188300173E+01 0.224162034E+01 0.258409357E+01 0.290966227E+01 0.321773854E+01
 0.350787367E+01 0.377972538E+01 0.403302606E+01 0.426755358E+01 0.448310749E+01
 0.467949510E+01 0.485653700E+01-0.212020051E+01-0.244832579E+01-0.276393815E+01
-0.306833261E+01-0.336204022E+01-0.364515492E+01-0.391755189E+01-0.417884215E+01
-0.442862603E+01-0.466634032E+01-0.489143172E+01-0.510333686E+01-0.530153222E+01
-0.548556725E+01-0.565511194E+01-0.581001283E+01-0.595028217E+01-0.607550538E+01
-0.617052861E+01-0.622485434E+01-0.623140894E+01-0.619553712E+01-0.611779471E+01
-0.598831637E+01-0.582534584E+01-0.562913349E+01-0.540108274E+01-0.514184895E+01
-0.485310885E+01-0.453705989E+01-0.419602725E+01-0.383265945E+01-0.344991608E+01
-0.305097528E+01-0.263913210E+01-0.221768737E+01-0.178989353E+01-0.135889398E+01
-0.927623744E+00-0.498851484E+00-0.751162390E-01 0.341285975E+00 0.748293572E+00
 0.114416330E+01 0.152735543E+01 0.189656093E+01 0.225067917E+01 0.258879196E+01
 0.291013391E+01 0.321406003E+01 0.350001105E+01 0.376747705E+01 0.401595959E+01
 0.424493280E+01 0.445380472E+01 0.464188293E+01-0.210336105E+01-0.241685019E+01
-0.272084865E+01-0.301629157E+01-0.330350106E+01-0.358243867E+01-0.385290066E+01
-0.411445765E+01-0.436670534E+01-0.460913368E+01-0.484125920E+01-0.506258822E+01
-0.527272745E+01-0.547139400E+01-0.565849864E+01-0.583431901E+01-0.599995376E+01
-0.614816634E+01-0.626379014E+01-0.633623059E+01-0.635542517E+01-0.635155616E+01
-0.633159817E+01-0.624113958E+01-0.610205748E+01-0.592237555E+01-0.571144353E+01
-0.546730544E+01-0.519193220E+01-0.488784984E+01-0.455699648E+01-0.420190355E+01
-0.382557459E+01-0.343129253E+01-0.302244953E+01-0.260243056E+01-0.217454402E+01
-0.174199868E+01-0.130778038E+01-0.874693865E+00-0.445319194E+00-0.219942683E-01
 0.393159731E+00 0.798324738E+00 0.119188713E+01 0.157244372E+01 0.193878335E+01
 0.228986127E+01 0.262476929E+01 0.294270236E+01 0.324292154E+01 0.352471271E+01
 0.378733957E+01 0.402998837E+01 0.425170093E+01 0.445129102E+01-0.211719155E+01
-0.241237495E+01-0.270240064E+01-0.298732341E+01-0.326695448E+01-0.354094636E+01
-0.380890967E+01-0.407030862E+01-0.432469700E+01-0.457153507E+01-0.481039898E+01
-0.504083972E+01-0.526253777E+01-0.547529592E+01-0.567909782E+01-0.587421257E+01
-0.606146032E+01-0.622689123E+01-0.634687980E+01-0.643368841E+01-0.648678534E+01
-0.651000926E+01-0.650253610E+01-0.645293225E+01-0.636276962E+01-0.624217819E+01
-0.604968641E+01-0.581805290E+01-0.555297993E+01-0.525846137E+01-0.493486244E+01
-0.458472318E+01-0.421128509E+01-0.381810449E+01-0.340878385E+01-0.298685699E+01
-0.255574494E+01-0.211872192E+01-0.167889289E+01-0.123909725E+01-0.801967360E+00
-0.369888435E+00 0.549976407E-01 0.470773367E+00 0.875795982E+00 0.126859054E+01
 0.164786432E+01 0.201247866E+01 0.236141805E+01 0.269375581E+01 0.300861535E+01
 0.330512535E+01 0.358236589E+01 0.383930046E+01 0.407468575E+01 0.428694511E+01
-0.215445346E+01-0.242964983E+01-0.270448294E+01-0.297802441E+01-0.324946343E+01
-0.351805934E+01-0.378317875E+01-0.404413839E+01-0.430041456E+01-0.455143239E+01
-0.479677460E+01-0.503601757E+01-0.526887759E+01-0.549518609E+01-0.571489895E+01
-0.592802032E+01-0.613412788E+01-0.631316846E+01-0.644387531E+01-0.655202444E+01
-0.663212907E+01-0.668217574E+01-0.669945196E+01-0.667997491E+01-0.662106214E+01
-0.652334691E+01-0.637878874E+01-0.619655771E+01-0.593720743E+01-0.565138839E+01
-0.533206009E+01-0.498326815E+01-0.460888263E+01-0.421300013E+01-0.379954419E+01
-0.337223622E+01-0.293463767E+01-0.249013886E+01-0.204194764E+01-0.159297805E+01
-0.114591374E+01-0.703177645E+00-0.266939586E+00 0.160845548E+00 0.578500500E+00
 0.984510258E+00 0.137753204E+01 0.175636672E+01 0.211992777E+01 0.246720693E+01
 0.279723531E+01 0.310903798E+01 0.340157797E+01 0.367368385E+01 0.392394999E+01
 0.415059160E+01-0.220740807E+01-0.246288062E+01-0.272256966E+01-0.298470571E+01
-0.324790154E+01-0.351103533E+01-0.377322986E+01-0.403365021E+01-0.429168817E+01
-0.454673360E+01-0.479834808E+01-0.504612222E+01-0.528978898E+01-0.552919996E+01
-0.576435900E+01-0.599547048E+01-0.621567479E+01-0.639817721E+01-0.655430371E+01
-0.668741499E+01-0.679433217E+01-0.687183996E+01-0.691665422E+01-0.692514006E+01
-0.689387305E+01-0.682111507E+01-0.670352354E+01-0.654249995E+01-0.634178582E+01
-0.607121193E+01-0.575158342E+01-0.539984649E+01-0.502009082E+01-0.461734779E+01
-0.419588435E+01-0.375956008E+01-0.331208002E+01-0.285698377E+01-0.239759665E+01
-0.193692534E+01-0.147769927E+01-0.102236563E+01-0.573105231E+00-0.131874262E+00
 0.299631777E+00 0.719889674E+00 0.112753831E+01 0.152135166E+01 0.190020837E+01
 0.226305860E+01 0.260888716E+01 0.293667093E+01 0.324532698E+01 0.353364577E+01
 0.380020040E+01 0.404321636E+01-0.226897359E+01-0.250649677E+01-0.275220821E+01
-0.300370350E+01-0.325915460E+01-0.351714328E+01-0.377659992E+01-0.403656826E+01
-0.429636852E+01-0.455539321E+01-0.481313714E+01-0.506922659E+01-0.532339212E+01
-0.557547395E+01-0.582547882E+01-0.607382448E+01-0.630725606E+01-0.650244392E+01
-0.668112853E+01-0.683947271E+01-0.697358235E+01-0.707940875E+01-0.715272075E+01
-0.718926780E+01-0.718491783E+01-0.713650478E+01-0.704136484E+01-0.689849023E+01
-0.671084140E+01-0.647303380E+01-0.619606278E+01-0.583681088E+01-0.544628190E+01
-0.503214659E+01-0.459864507E+01-0.414951107E+01-0.368859436E+01-0.321964789E+01
-0.274613722E+01-0.227118521E+01-0.179754115E+01-0.132765471E+01-0.863692453E+00
-0.407561698E+00 0.390252645E-01 0.474585148E+00 0.897768505E+00 0.130735527E+01
 0.170222415E+01 0.208132167E+01 0.244362942E+01 0.278812760E+01 0.311375260E+01
 0.341934507E+01 0.370358338E+01 0.396489556E+01-0.233308218E+01-0.255561947E+01
-0.278939988E+01-0.303165246E+01-0.328030970E+01-0.353379362E+01-0.379093164E+01
-0.405070513E+01-0.431240395E+01-0.457541227E+01-0.483922561E+01-0.510348575E+01
-0.536791717E+01-0.563229440E+01-0.589638991E+01-0.615993582E+01-0.639945650E+01
-0.661857011E+01-0.682177971E+01-0.700643430E+01-0.716861136E+01-0.730354819E+01
-0.740631215E+01-0.747184216E+01-0.749499931E+01-0.747152623E+01-0.739799856E+01
-0.727257325E+01-0.709669727E+01-0.686985493E+01-0.659777686E+01-0.629725346E+01
-0.588785093E+01-0.545780125E+01-0.500834843E+01-0.454246119E+01-0.406433639E+01
-0.357812125E+01-0.308748937E+01-0.259563770E+01-0.210531855E+01-0.161893992E+01
-0.113861176E+01-0.666176007E+00-0.203288786E+00 0.248614914E+00 0.688234724E+00
 0.111438945E+01 0.152599044E+01 0.192201452E+01 0.230147695E+01 0.266340346E+01
 0.300680066E+01 0.333062386E+01 0.363374219E+01 0.391490315E+01-0.239506002E+01
-0.260642946E+01-0.283088718E+01-0.306569446E+01-0.330880305E+01-0.355864224E+01
-0.381404482E+01-0.407400236E+01-0.433782723E+01-0.460489983E+01-0.487477794E+01
-0.514713606E+01-0.542172582E+01-0.569830700E+01-0.597645213E+01-0.625482628E+01
-0.650709676E+01-0.674743398E+01-0.697492587E+01-0.718629260E+01-0.737694596E+01
-0.754186112E+01-0.767521157E+01-0.777088041E+01-0.782268605E+01-0.782497558E+01
-0.777340880E+01-0.766506975E+01-0.749991565E+01-0.727880807E+01-0.700495960E+01
-0.669194007E+01-0.634145746E+01-0.589400471E+01-0.542546386E+01-0.493853652E+01
-0.443904235E+01-0.393193868E+01-0.342111700E+01-0.290975724E+01-0.240055568E+01
-0.189580951E+01-0.139752304E+01-0.907434536E+00-0.427083997E+00 0.421530613E-01
 0.499069771E+00 0.942552590E+00 0.137157411E+01 0.178516965E+01 0.218241661E+01
 0.256241592E+01 0.292427599E+01 0.326710048E+01 0.358998340E+01 0.389201977E+01
-0.245233017E+01-0.265650011E+01-0.287434222E+01-0.310360128E+01-0.334250725E+01
-0.358965515E+01-0.384398480E+01-0.410456566E+01-0.437077541E+01-0.464205185E+01
-0.491802539E+01-0.519844570E+01-0.548316056E+01-0.577210526E+01-0.606535098E+01
-0.635059670E+01-0.662269336E+01-0.688517707E+01-0.713737401E+01-0.737575982E+01
-0.759561270E+01-0.779112917E+01-0.795596858E+01-0.808276872E+01-0.816416324E+01
-0.819300399E+01-0.816423254E+01-0.807386118E+01-0.792063339E+01-0.770547800E+01
-0.743041522E+01-0.710604362E+01-0.674107350E+01-0.634202433E+01-0.585154025E+01
-0.533766338E+01-0.481183754E+01-0.428002274E+01-0.374596032E+01-0.321258992E+01
-0.268240841E+01-0.215753841E+01-0.163981650E+01-0.113082644E+01-0.631964447E+00
-0.144482230E+00 0.330519695E+00 0.792026157E+00 0.123909584E+01 0.167084429E+01
 0.208643021E+01 0.248504608E+01 0.286591424E+01 0.322829117E+01 0.357148508E+01
 0.389489672E+01-0.250473483E+01-0.270485602E+01-0.291837107E+01-0.314377858E+01
-0.337974331E+01-0.362512654E+01-0.387904461E+01-0.414069578E+01-0.440956223E+01
-0.468517667E+01-0.496726589E+01-0.525567963E+01-0.555037439E+01-0.585141462E+01
-0.615909234E+01-0.645555646E+01-0.674533058E+01-0.702954077E+01-0.730624941E+01
-0.757166066E+01-0.782066896E+01-0.804721122E+01-0.824390575E+01-0.840233056E+01
-0.851333316E+01-0.856843969E+01-0.856249896E+01-0.849113033E+01-0.835063314E+01
-0.814243196E+01-0.786705419E+01-0.753261835E+01-0.715008310E+01-0.673038761E+01
-0.629112896E+01-0.573873438E+01-0.518062835E+01-0.462045931E+01-0.406037540E+01
-0.350271596E+01-0.294965668E+01-0.240309395E+01-0.186463080E+01-0.133564732E+01
-0.817356141E+00-0.310835515E+00 0.182935149E+00 0.663069943E+00 0.112873188E+01
 0.157913135E+01 0.201351849E+01 0.243118166E+01 0.283145313E+01 0.321372487E+01
 0.357747937E+01 0.392234403E+01-0.255373437E+01-0.275153873E+01-0.296227881E+01
-0.318514278E+01-0.341922013E+01-0.366365255E+01-0.391775615E+01-0.418088382E+01
-0.445264744E+01-0.473269964E+01-0.502088569E+01-0.531717567E+01-0.562163618E+01
-0.593434428E+01-0.625506467E+01-0.656330238E+01-0.687125986E+01-0.717706544E+01
-0.747792837E+01-0.776996237E+01-0.804792880E+01-0.830500607E+01-0.853284778E+01
-0.871683772E+01-0.884728887E+01-0.892294737E+01-0.893873660E+01-0.889061477E+01
-0.877191440E+01-0.857832142E+01-0.830589244E+01-0.796463884E+01-0.756518799E+01
-0.712012408E+01-0.664825124E+01-0.613486803E+01-0.554091714E+01-0.495040504E+01
-0.436216636E+01-0.377828396E+01-0.320073562E+01-0.263115501E+01-0.207087022E+01
-0.152100182E+01-0.982532625E+00-0.456342220E+00 0.567559078E-01 0.556013356E+00
 0.104071252E+01 0.151016695E+01 0.196372043E+01 0.240075202E+01 0.282068864E+01
 0.322302754E+01 0.360737263E+01 0.397349012E+01-0.260088916E+01-0.279686271E+01
-0.300569143E+01-0.322692467E+01-0.345993197E+01-0.370407853E+01-0.395886444E+01
-0.422380023E+01-0.449863839E+01-0.478316647E+01-0.507736689E+01-0.538136255E+01
-0.569541643E+01-0.601993261E+01-0.634829752E+01-0.667245819E+01-0.699851746E+01
-0.732507660E+01-0.764907782E+01-0.796657067E+01-0.827177005E+01-0.855647467E+01
-0.880188354E+01-0.899826482E+01-0.914652419E+01-0.924140139E+01-0.927660764E+01
-0.924749300E+01-0.914960836E+01-0.897793478E+01-0.872831139E+01-0.838862209E+01
-0.797904552E+01-0.751380016E+01-0.701495472E+01-0.648219220E+01-0.588654327E+01
-0.526711220E+01-0.464889884E+01-0.403710252E+01-0.343375159E+01-0.284013467E+01
-0.225723334E+01-0.168583815E+01-0.112665642E+01-0.580338848E+00-0.475054590E-01
 0.471242549E+00 0.975315607E+00 0.146413187E+01 0.193712416E+01 0.239375013E+01
 0.283350940E+01 0.325596905E+01 0.366080021E+01 0.404782863E+01-0.264666876E+01
-0.284080271E+01-0.304823327E+01-0.326849458E+01-0.350106136E+01-0.374544481E+01
-0.400129803E+01-0.426828043E+01-0.454628613E+01-0.483524259E+01-0.513527506E+01
-0.544666485E+01-0.576987336E+01-0.610558267E+01-0.644270109E+01-0.678136370E+01
-0.712440917E+01-0.747036500E+01-0.781594022E+01-0.815677891E+01-0.848586050E+01
-0.878577127E+01-0.904024981E+01-0.925276185E+01-0.941786869E+01-0.952833280E+01
-0.957903563E+01-0.956624171E+01-0.948544639E+01-0.933139069E+01-0.909984096E+01
-0.878422705E+01-0.837260253E+01-0.789148519E+01-0.736646223E+01-0.680929827E+01
-0.624437917E+01-0.557108891E+01-0.491798342E+01-0.427657833E+01-0.364648489E+01
-0.302821694E+01-0.242225345E+01-0.182898736E+01-0.124880476E+01-0.682100930E+00
-0.129292844E+00 0.409180445E+00 0.932853808E+00 0.144124575E+01 0.193386805E+01
 0.241024029E+01 0.286990958E+01 0.331247698E+01 0.373763178E+01 0.414519478E+01
-0.269018969E+01-0.288282536E+01-0.308941435E+01-0.330928482E+01-0.354192554E+01
-0.378695038E+01-0.404414574E+01-0.431331232E+01-0.459448317E+01-0.488772376E+01
-0.519329571E+01-0.551162091E+01-0.584332353E+01-0.618932877E+01-0.653493020E+01
-0.688709108E+01-0.724606002E+01-0.760983178E+01-0.797474692E+01-0.833571900E+01
-0.868165590E+01-0.898733787E+01-0.925488725E+01-0.948116832E+01-0.965794731E+01
-0.977883878E+01-0.984097085E+01-0.984160294E+01-0.977672465E+01-0.963985986E+01
-0.942485126E+01-0.912636096E+01-0.873615713E+01-0.824689259E+01-0.769912978E+01
-0.711242268E+01-0.650815843E+01-0.584253490E+01-0.516354126E+01-0.449333948E+01
-0.383639077E+01-0.319339533E+01-0.256435565E+01-0.194921934E+01-0.134802111E+01
-0.760888781E+00-0.188034729E+00 0.370261882E+00 0.913655753E+00 0.144175390E+01
 0.195413244E+01 0.245035306E+01 0.292998422E+01 0.339262715E+01 0.383794711E+01
 0.426571002E+01-0.272994611E+01-0.292220723E+01-0.312875057E+01-0.334882227E+01
-0.358197402E+01-0.382793946E+01-0.408664289E+01-0.435802658E+01-0.464226096E+01
-0.493954547E+01-0.525026611E+01-0.557494946E+01-0.591428782E+01-0.626931650E+01
-0.662344049E+01-0.698801568E+01-0.736135065E+01-0.774080677E+01-0.812244169E+01
-0.850026073E+01-0.885272945E+01-0.916653720E+01-0.944492209E+01-0.967937013E+01
-0.986137520E+01-0.998648860E+01-0.100547294E+02-0.100656780E+02-0.100159982E+02
-0.989786946E+01-0.970098175E+01-0.941859882E+01-0.904437026E+01-0.856844237E+01
-0.800683767E+01-0.739758429E+01-0.676624738E+01-0.611475441E+01-0.538798716E+01
-0.468495191E+01-0.400088700E+01-0.333360008E+01-0.268195013E+01-0.204531939E+01
-0.142337594E+01-0.815990839E+00-0.223185154E+00 0.354901253E+00 0.918041682E+00
 0.146590795E+01 0.199812343E+01 0.251427045E+01 0.301391266E+01 0.349662027E+01
 0.396199870E+01 0.440972015E+01-0.276513551E+01-0.295860725E+01-0.316599906E+01
-0.338681503E+01-0.362081205E+01-0.386790029E+01-0.412816214E+01-0.440168703E+01
-0.468878265E+01-0.498978134E+01-0.530519130E+01-0.563562290E+01-0.598165775E+01
-0.634320521E+01-0.670666924E+01-0.708234045E+01-0.746817502E+01-0.786105773E+01
-0.825673205E+01-0.864581016E+01-0.900140543E+01-0.932284301E+01-0.960740029E+01
-0.984409270E+01-0.100246210E+02-0.101478108E+02-0.102173851E+02-0.102354408E+02
-0.101993041E+02-0.101008968E+02-0.992577261E+01-0.966169930E+01-0.930246893E+01
-0.883999891E+01-0.827540592E+01-0.764654130E+01-0.698898478E+01-0.633751575E+01
-0.557569725E+01-0.484516540E+01-0.413668848E+01-0.344672674E+01-0.277354790E+01
-0.211618355E+01-0.147403813E+01-0.846779130E+00-0.234270413E+00 0.363466463E+00
 0.946296657E+00 0.151394181E+01 0.206605104E+01 0.260220427E+01 0.312193450E+01
 0.362475210E+01 0.411017133E+01 0.457773885E+01-0.279658486E+01-0.299244616E+01
-0.320130674E+01-0.342320236E+01-0.365820947E+01-0.390645825E+01-0.416820197E+01
-0.444367790E+01-0.473332812E+01-0.503761928E+01-0.535720681E+01-0.569291496E+01
-0.604583485E+01-0.641068089E+01-0.678326323E+01-0.716847696E+01-0.756477575E+01
-0.796856923E+01-0.837548933E+01-0.877020419E+01-0.912870605E+01-0.945538069E+01
-0.974166909E+01-0.997505691E+01-0.101492145E+02-0.102673756E+02-0.103359690E+02
-0.103583424E+02-0.103325620E+02-0.102509010E+02-0.100978585E+02-0.985470285E+01
-0.951100642E+01-0.906119589E+01-0.850279025E+01-0.786091735E+01-0.718105414E+01
-0.648346216E+01-0.571848967E+01-0.497038377E+01-0.424161213E+01-0.353122681E+01
-0.283798904E+01-0.216093640E+01-0.149934853E+01-0.852761058E+00-0.220923049E+00
 0.396232868E+00 0.998637814E+00 0.158604384E+01 0.215810332E+01 0.271437029E+01
 0.325432194E+01 0.377738156E+01 0.428294363E+01 0.477040087E+01-0.282641480E+01
-0.302475470E+01-0.323513123E+01-0.345810696E+01-0.369406820E+01-0.394335204E+01
-0.420636856E+01-0.448348938E+01-0.477527760E+01-0.508231938E+01-0.540539066E+01
-0.574543778E+01-0.610362512E+01-0.647245039E+01-0.685186228E+01-0.724486552E+01
-0.764970670E+01-0.806230894E+01-0.847833193E+01-0.887445272E+01-0.923549650E+01
-0.956425881E+01-0.984850612E+01-0.100753181E+02-0.102413807E+02-0.103538728E+02
-0.104206211E+02-0.104453043E+02-0.104266714E+02-0.103575926E+02-0.102226821E+02
-0.999985764E+01-0.967157923E+01-0.923221602E+01-0.868145307E+01-0.803212738E+01
-0.733986707E+01-0.662023781E+01-0.583040265E+01-0.506288962E+01-0.431537519E+01
-0.358635593E+01-0.287455994E+01-0.217900350E+01-0.149887286E+01-0.833623181E+00
-0.182922759E+00 0.453356576E+00 0.107518424E+01 0.168232821E+01 0.227441851E+01
 0.285096027E+01 0.341135050E+01 0.395489926E+01 0.448085370E+01 0.498842478E+01
-0.285677933E+01-0.305660934E+01-0.326797813E+01-0.349170651E+01-0.372835527E+01
-0.397839617E+01-0.424235389E+01-0.452070672E+01-0.481411713E+01-0.512326993E+01
-0.544903472E+01-0.579243870E+01-0.615468207E+01-0.652648859E+01-0.691143519E+01
-0.731075415E+01-0.772224037E+01-0.814135497E+01-0.856333272E+01-0.895856675E+01
-0.932181472E+01-0.965045589E+01-0.993047140E+01-0.101494462E+02-0.103078026E+02
-0.104152882E+02-0.104799492E+02-0.105052118E+02-0.104910848E+02-0.104306984E+02
-0.103089123E+02-0.101024745E+02-0.978784689E+01-0.935671455E+01-0.881062938E+01
-0.815626908E+01-0.745118341E+01-0.671017058E+01-0.590536374E+01-0.512156838E+01
-0.435748155E+01-0.361168461E+01-0.288289354E+01-0.217009992E+01-0.147242317E+01
-0.789260659E+00-0.120226602E+00 0.534846488E+00 0.117592455E+01 0.180280601E+01
 0.241505621E+01 0.301211258E+01 0.359326910E+01 0.415769703E+01 0.470446840E+01
 0.523258328E+01-0.288872395E+01-0.308857850E+01-0.330013391E+01-0.352410264E+01
-0.376103591E+01-0.401144458E+01-0.427591476E+01-0.455499841E+01-0.484943316E+01
-0.515998196E+01-0.548758911E+01-0.583335221E+01-0.619854554E+01-0.657247232E+01
-0.696129048E+01-0.736514652E+01-0.778137501E+01-0.820507758E+01-0.863088748E+01
-0.902493974E+01-0.938859941E+01-0.971548055E+01-0.999055436E+01-0.102021559E+02
-0.103541658E+02-0.104575715E+02-0.105196513E+02-0.105447495E+02-0.105327039E+02
-0.104777645E+02-0.103640930E+02-0.101682396E+02-0.986326873E+01-0.943741631E+01
-0.889391535E+01-0.823530403E+01-0.752044317E+01-0.676314725E+01-0.594421902E+01
-0.514632494E+01-0.436779362E+01-0.360711014E+01-0.286293963E+01-0.213423871E+01
-0.142007324E+01-0.719799644E+00-0.329976323E-01 0.640518666E+00 0.130070994E+01
 0.194735975E+01 0.257996803E+01 0.319788194E+01 0.380026961E+01 0.438613799E+01
 0.495435527E+01 0.550367876E+01-0.292177149E+01-0.312050583E+01-0.333155607E+01
-0.355526439E+01-0.379204243E+01-0.404237171E+01-0.430685995E+01-0.458610626E+01
-0.488090272E+01-0.519207200E+01-0.552061506E+01-0.586767992E+01-0.623457624E+01
-0.660962355E+01-0.700083949E+01-0.740763992E+01-0.782684316E+01-0.825322558E+01
-0.868063472E+01-0.907271909E+01-0.943641348E+01-0.976121611E+01-0.100315339E+02
-0.102371258E+02-0.103842491E+02-0.104842468E+02-0.105444294E+02-0.105695742E+02
-0.105569355E+02-0.105036984E+02-0.103937693E+02-0.102026476E+02-0.990156414E+01
-0.947656884E+01-0.893125263E+01-0.826785070E+01-0.754446720E+01-0.677621503E+01
-0.594657429E+01-0.513719145E+01-0.434646326E+01-0.357284468E+01-0.281495889E+01
-0.207172561E+01-0.134216786E+01-0.625613464E+00 0.783786311E-01 0.769998964E+00
 0.144919195E+01 0.211570640E+01 0.276896485E+01 0.340820715E+01 0.403245494E+01
 0.464052611E+01 0.523105516E+01 0.580252139E+01-0.295434689E+01-0.315172963E+01
-0.336197898E+01-0.358507574E+01-0.382129304E+01-0.407107747E+01-0.433504854E+01
-0.461384057E+01-0.490828655E+01-0.521925458E+01-0.554778738E+01-0.589506933E+01
-0.626243654E+01-0.663753355E+01-0.702971767E+01-0.743770305E+01-0.785815350E+01
-0.828556255E+01-0.871324204E+01-0.910345004E+01-0.946621119E+01-0.978869405E+01
-0.100553591E+02-0.102567023E+02-0.104003957E+02-0.104978737E+02-0.105564913E+02
-0.105812807E+02-0.105668912E+02-0.105122214E+02-0.104013854E+02-0.102090710E+02
-0.990564551E+01-0.947678656E+01-0.892629139E+01-0.825640214E+01-0.752538228E+01
-0.675068328E+01-0.591297622E+01-0.509464862E+01-0.429399755E+01-0.350943048E+01
-0.273952722E+01-0.198316573E+01-0.123933390E+01-0.507339318E+00 0.213270632E+00
 0.922682003E+00 0.162081410E+01 0.230737001E+01 0.298168456E+01 0.364287695E+01
 0.428980479E+01 0.492107354E+01 0.553505348E+01 0.612990695E+01-0.298492858E+01
-0.318163763E+01-0.339117515E+01-0.361345580E+01-0.384874489E+01-0.409750834E+01
-0.436039595E+01-0.463807878E+01-0.493142397E+01-0.524133414E+01-0.556888113E+01
-0.591527315E+01-0.628186517E+01-0.665585351E+01-0.704742664E+01-0.745498630E+01
-0.787501917E+01-0.830190432E+01-0.872853395E+01-0.911690221E+01-0.947826917E+01
-0.979896579E+01-0.100633111E+02-0.102622914E+02-0.104039389E+02-0.104995978E+02
-0.105563805E+02-0.105789921E+02-0.105622373E+02-0.105043341E+02-0.103884329E+02
-0.101889890E+02-0.987681622E+01-0.943908210E+01-0.887916971E+01-0.820066891E+01
-0.746279320E+01-0.668681605E+01-0.584420946E+01-0.501953484E+01-0.421125200E+01
-0.341774298E+01-0.263754064E+01-0.186947150E+01-0.111249200E+01-0.365894282E+00
 0.370780483E+00 0.109770904E+01 0.181478131E+01 0.252165000E+01 0.321755692E+01
 0.390149252E+01 0.457213720E+01 0.522786344E+01 0.586674708E+01 0.648659138E+01
-0.301331583E+01-0.321022854E+01-0.341920774E+01-0.364047215E+01-0.387444335E+01
-0.412167690E+01-0.438287931E+01-0.465876409E+01-0.495022799E+01-0.525819844E+01
-0.558376395E+01-0.592814154E+01-0.629268104E+01-0.666441723E+01-0.705385199E+01
-0.745933874E+01-0.787730565E+01-0.830213648E+01-0.872677442E+01-0.911324665E+01
-0.947278346E+01-0.979205359E+01-0.100556345E+02-0.102541771E+02-0.103951604E+02
-0.104896174E+02-0.105443411E+02-0.105631455E+02-0.105435221E+02-0.104799662E+02
-0.103545696E+02-0.101423312E+02-0.981553801E+01-0.936439798E+01-0.879128583E+01
-0.810465966E+01-0.736203993E+01-0.658836226E+01-0.574176849E+01-0.491308035E+01
-0.409942627E+01-0.329899010E+01-0.251021981E+01-0.173187111E+01-0.962868383E+00
-0.202490752E+00 0.549724485E+00 0.129394421E+01 0.203003026E+01 0.275758690E+01
 0.347576485E+01 0.418342491E+01 0.487906380E+01 0.556080560E+01 0.622640369E+01
 0.687325830E+01-0.304096692E+01-0.323825462E+01-0.344649254E+01-0.366636698E+01
-0.389853139E+01-0.414366286E+01-0.440253438E+01-0.467590036E+01-0.496467933E+01
-0.526981253E+01-0.559239294E+01-0.593363582E+01-0.629488332E+01-0.666309374E+01
-0.704886919E+01-0.745061940E+01-0.786486028E+01-0.828608539E+01-0.870766240E+01
-0.909215856E+01-0.944936721E+01-0.976763998E+01-0.100317371E+02-0.102316597E+02
-0.103732971E+02-0.104674000E+02-0.105202046E+02-0.105351559E+02-0.105103280E+02
-0.104371318E+02-0.102978574E+02-0.100669281E+02-0.972042459E+01-0.925243032E+01
-0.866282075E+01-0.796675926E+01-0.721708875E+01-0.644461120E+01-0.560579589E+01
-0.477665550E+01-0.396001951E+01-0.315470555E+01-0.235911539E+01-0.157191797E+01
-0.792006597E+00-0.186509763E-01 0.748614572E+00 0.150995085E+01 0.226519945E+01
 0.301392582E+01 0.375520107E+01 0.448776572E+01 0.520993620E+01 0.591958126E+01
 0.661410943E+01 0.729047468E+01-0.307006691E+01-0.326682235E+01-0.347362124E+01
-0.369147578E+01-0.392120957E+01-0.416359124E+01-0.441944191E+01-0.468954215E+01
-0.497481819E+01-0.527621061E+01-0.559480261E+01-0.593179620E+01-0.628852831E+01
-0.665194606E+01-0.703254733E+01-0.742888300E+01-0.783764235E+01-0.825361109E+01
-0.867079635E+01-0.905336812E+01-0.940738547E+01-0.972444774E+01-0.999000393E+01
-0.101928845E+02-0.103364319E+02-0.104305080E+02-0.104817865E+02-0.104922350E+02
-0.104594662E+02-0.103730590E+02-0.102149233E+02-0.996022716E+01-0.959097549E+01
-0.910292711E+01-0.849397526E+01-0.779266037E+01-0.704487251E+01-0.630129253E+01
-0.544479252E+01-0.461286757E+01-0.379491778E+01-0.298676239E+01-0.218612244E+01
-0.139150334E+01-0.601778693E+00 0.183780507E+00 0.965641795E+00 0.174396861E+01
 0.251859912E+01 0.328907723E+01 0.405441947E+01 0.481326934E+01 0.556378061E+01
 0.630357320E+01 0.702969916E+01 0.773862834E+01-0.310218100E+01-0.329678303E+01
-0.350108209E+01-0.371609598E+01-0.394267154E+01-0.418159843E+01-0.443370788E+01
-0.469978210E+01-0.498073542E+01-0.527748965E+01-0.559109961E+01-0.592273180E+01
-0.627367776E+01-0.663115577E+01-0.700494944E+01-0.739413420E+01-0.779567417E+01
-0.820465706E+01-0.861583994E+01-0.899611867E+01-0.934585642E+01-0.966113400E+01
-0.992815670E+01-0.101350608E+02-0.102817231E+02-0.103763625E+02-0.104251121E+02
-0.104295995E+02-0.103858482E+02-0.102824405E+02-0.101004504E+02-0.981794942E+01
-0.942380633E+01-0.891362524E+01-0.828693773E+01-0.758567530E+01-0.684349149E+01
-0.608041307E+01-0.524384963E+01-0.442030360E+01-0.360566450E+01-0.279733030E+01
-0.199350638E+01-0.119287156E+01-0.394393147E+00 0.402629304E+00 0.119866397E+01
 0.199389247E+01 0.278818289E+01 0.358107579E+01 0.437158059E+01 0.515828517E+01
 0.593921772E+01 0.671177603E+01 0.747266261E+01 0.821783863E+01-0.313747716E+01
-0.332835117E+01-0.352907262E+01-0.374039239E+01-0.396305360E+01-0.419780319E+01
-0.444544555E+01-0.470673898E+01-0.498256470E+01-0.527380604E+01-0.558147004E+01
-0.590666929E+01-0.625064181E+01-0.660103238E+01-0.696657691E+01-0.734687576E+01
-0.773932088E+01-0.813931262E+01-0.854209985E+01-0.891976780E+01-0.926414806E+01
-0.957583413E+01-0.984327289E+01-0.100540597E+02-0.102044694E+02-0.102999240E+02
-0.103455001E+02-0.103419327E+02-0.102840448E+02-0.101592880E+02-0.994935806E+01
-0.963864990E+01-0.922008948E+01-0.868716679E+01-0.804843215E+01-0.735272499E+01
-0.662047352E+01-0.582503150E+01-0.501479481E+01-0.420416413E+01-0.339580018E+01
-0.258940281E+01-0.178402046E+01-0.978634330E+00-0.172392511E+00 0.635393575E+00
 0.144520123E+01 0.225725202E+01 0.307152642E+01 0.388753687E+01 0.470439105E+01
 0.552067854E+01 0.633436466E+01 0.714268117E+01 0.794201788E+01 0.872782855E+01
-0.317489726E+01-0.336116888E+01-0.355751410E+01-0.376439145E+01-0.398242265E+01
-0.421229408E+01-0.445476445E+01-0.471054876E+01-0.498047552E+01-0.526536966E+01
-0.556616976E+01-0.588391172E+01-0.621974908E+01-0.656199488E+01-0.691783763E+01
-0.728751928E+01-0.766888140E+01-0.805781619E+01-0.844980241E+01-0.882360007E+01
-0.916132249E+01-0.946717487E+01-0.973242682E+01-0.994507792E+01-0.100988468E+02
-0.101946149E+02-0.102358069E+02-0.102216800E+02-0.101460528E+02-0.999590445E+01
-0.975678596E+01-0.941900808E+01-0.897569184E+01-0.841999531E+01-0.777860165E+01
-0.709028537E+01-0.636363540E+01-0.556932205E+01-0.477129212E+01-0.397122783E+01
-0.316972871E+01-0.236648163E+01-0.156077081E+01-0.751739522E+00 0.613759278E-01
 0.879263260E+00 0.170244891E+01 0.253124415E+01 0.336575618E+01 0.420560618E+01
 0.505003784E+01 0.589774061E+01 0.674671714E+01 0.759413100E+01 0.843614193E+01
 0.926774276E+01-0.321318172E+01-0.339475502E+01-0.358623590E+01-0.378804966E+01
-0.400079642E+01-0.422513122E+01-0.446176586E+01-0.471135877E+01-0.497466779E+01
-0.525243987E+01-0.554552471E+01-0.585486048E+01-0.618149834E+01-0.651472435E+01
-0.685938386E+01-0.721680233E+01-0.758527175E+01-0.796088806E+01-0.833902213E+01
-0.870686028E+01-0.903767697E+01-0.933468444E+01-0.959397580E+01-0.980450414E+01
-0.995834452E+01-0.100527637E+02-0.100873753E+02-0.100601289E+02-0.996388917E+01
-0.978775143E+01-0.952278272E+01-0.916146826E+01-0.869562785E+01-0.812431053E+01
-0.748688907E+01-0.681036041E+01-0.609311513E+01-0.530238288E+01-0.451516050E+01
-0.372532770E+01-0.293124103E+01-0.213206758E+01-0.132703891E+01-0.515327371E+00
 0.303824636E+00 0.113115227E+01 0.196728125E+01 0.281267010E+01 0.366761171E+01
 0.453193808E+01 0.540512659E+01 0.628609037E+01 0.717301127E+01 0.806313721E+01
 0.895254663E+01 0.983589135E+01-0.325209906E+01-0.342900435E+01-0.361517080E+01
-0.381132430E+01-0.401816494E+01-0.423634932E+01-0.446653992E+01-0.470932327E+01
-0.496536729E+01-0.523532081E+01-0.551992442E+01-0.581999547E+01-0.613644340E+01
-0.646008237E+01-0.679228203E+01-0.713580912E+01-0.748941631E+01-0.784969684E+01
-0.821180194E+01-0.856789553E+01-0.889305958E+01-0.917887568E+01-0.942818487E+01
-0.963150869E+01-0.978014010E+01-0.986874552E+01-0.989388129E+01-0.985150346E+01
-0.973487962E+01-0.953609033E+01-0.924910454E+01-0.886533518E+01-0.837434662E+01
-0.780090235E+01-0.717281566E+01-0.651111530E+01-0.577735060E+01-0.501721470E+01
-0.424719200E+01-0.346944138E+01-0.268377396E+01-0.188959233E+01-0.108616911E+01
-0.272681129E+00 0.551677531E+00 0.138773928E+01 0.223628397E+01 0.309798817E+01
 0.397339400E+01 0.486265818E+01 0.576561915E+01 0.668157171E+01 0.760906799E+01
 0.854566167E+01 0.948758995E+01 0.104293957E+02-0.329277255E+01-0.346428043E+01
-0.364437013E+01-0.383416665E+01-0.403448034E+01-0.424594937E+01-0.446915952E+01
-0.470459894E+01-0.495282174E+01-0.521435763E+01-0.548982025E+01-0.577989348E+01
-0.608532444E+01-0.639859920E+01-0.671721653E+01-0.704576521E+01-0.738285904E+01
-0.772562114E+01-0.806930360E+01-0.840782593E+01-0.872650825E+01-0.900161021E+01
-0.923699433E+01-0.942848141E+01-0.956672939E+01-0.964479533E+01-0.965737843E+01
-0.959902962E+01-0.946388423E+01-0.924564549E+01-0.893884207E+01-0.853052637E+01
-0.803110965E+01-0.746502610E+01-0.685477265E+01-0.621925948E+01-0.547371046E+01
-0.472766766E+01-0.397278842E+01-0.320742342E+01-0.243087576E+01-0.164250079E+01
-0.841541329E+00-0.271725453E-01 0.801522071E+00 0.164551430E+01 0.250578687E+01
 0.338334141E+01 0.427898097E+01 0.519334901E+01 0.612678574E+01 0.707915738E+01
 0.804963000E+01 0.903636522E+01 0.100361168E+02 0.110437115E+02-0.333664414E+01
-0.350093744E+01-0.367378046E+01-0.385641850E+01-0.404961017E+01-0.425387833E+01
-0.446967193E+01-0.469734120E+01-0.493729837E+01-0.518993171E+01-0.545571074E+01
-0.573519550E+01-0.602917478E+01-0.633357754E+01-0.663610196E+01-0.694825751E+01
-0.726748946E+01-0.759094318E+01-0.791413524E+01-0.823138915E+01-0.853458139E+01
-0.880305490E+01-0.902413284E+01-0.919970460E+01-0.932365426E+01-0.938756015E+01
-0.938524497E+01-0.931062550E+01-0.915806763E+01-0.892162370E+01-0.859205508E+01
-0.816699937E+01-0.767185266E+01-0.711875292E+01-0.652760848E+01-0.586194839E+01
-0.515643272E+01-0.443298204E+01-0.369497018E+01-0.294273975E+01-0.217599529E+01
-0.139418381E+01-0.596549822E+00 0.217786802E+00 0.104986477E+01 0.190083935E+01
 0.277195683E+01 0.366455179E+01 0.457985338E+01 0.551906236E+01 0.648318543E+01
 0.747287765E+01 0.848821124E+01 0.952834242E+01 0.105910376E+02 0.116720135E+02
-0.338387126E+01-0.353859721E+01-0.370292677E+01-0.387767956E+01-0.406328614E+01
-0.426001242E+01-0.446809543E+01-0.468770537E+01-0.491908609E+01-0.516246217E+01
-0.541812112E+01-0.568636725E+01-0.596742204E+01-0.626091029E+01-0.654996211E+01
-0.684518007E+01-0.714540081E+01-0.744816433E+01-0.774915697E+01-0.804287338E+01
-0.832216214E+01-0.857763685E+01-0.878947026E+01-0.894900298E+01-0.905597559E+01
-0.910292069E+01-0.908386615E+01-0.899211939E+01-0.882141617E+01-0.856215786E+01
-0.821519784E+01-0.779272273E+01-0.731082981E+01-0.677617598E+01-0.620854346E+01
-0.553119229E+01-0.484355012E+01-0.413926201E+01-0.341775307E+01-0.267893352E+01
-0.192252047E+01-0.114796606E+01-0.354516816E+00 0.458809252E+00 0.129319190E+01
 0.214999631E+01 0.303080606E+01 0.393727033E+01 0.487117664E+01 0.583437600E+01
 0.682869456E+01 0.785580010E+01 0.891699316E+01 0.100128818E+02 0.111428808E+02
 0.123044527E+02-0.343224457E+01-0.357569216E+01-0.373074020E+01-0.389725538E+01
-0.407509838E+01-0.426416616E+01-0.446443064E+01-0.467585571E+01-0.489850420E+01
-0.513243444E+01-0.537776973E+01-0.563465801E+01-0.590325125E+01-0.618373441E+01
-0.646043662E+01-0.673845746E+01-0.701901874E+01-0.730022091E+01-0.757796384E+01
-0.784681152E+01-0.809993388E+01-0.832923038E+01-0.852541861E+01-0.867355121E+01
-0.876485735E+01-0.879444727E+01-0.875675499E+01-0.864463015E+01-0.845135329E+01
-0.817901561E+01-0.783384759E+01-0.741988213E+01-0.695402959E+01-0.643381102E+01
-0.583659194E+01-0.519754456E+01-0.453411905E+01-0.384949789E+01-0.314450451E+01
-0.241930007E+01-0.167366374E+01-0.907050120E+00-0.118661161E+00 0.692590083E+00
 0.152804507E+01 0.238930762E+01 0.327827504E+01 0.419701663E+01 0.514789449E+01
 0.613349761E+01 0.715660271E+01 0.822009448E+01 0.932681847E+01 0.104793211E+02
 0.116794023E+02 0.129273622E+02-0.347729805E+01-0.360964080E+01-0.375570591E+01
-0.391426402E+01-0.408456801E+01-0.426614028E+01-0.445869061E+01-0.466198086E+01
-0.487589784E+01-0.510034117E+01-0.533528429E+01-0.558074109E+01-0.583676199E+01
-0.610341349E+01-0.636853641E+01-0.662959516E+01-0.689047419E+01-0.714988029E+01
-0.740398282E+01-0.764753414E+01-0.787408307E+01-0.807567763E+01-0.824396253E+01
-0.836903995E+01-0.844176451E+01-0.845307412E+01-0.839665734E+01-0.826900066E+01
-0.806819990E+01-0.779588770E+01-0.745606663E+01-0.705156780E+01-0.660230811E+01
-0.609013596E+01-0.549424641E+01-0.487569326E+01-0.423310770E+01-0.356717800E+01
-0.287840074E+01-0.216689780E+01-0.143242857E+01-0.674431140E+00 0.107970382E+00
 0.915973284E+00 0.175108369E+01 0.261517519E+01 0.351040688E+01 0.443932597E+01
 0.540487909E+01 0.641043422E+01 0.745979918E+01 0.855722169E+01 0.970734839E+01
 0.109151022E+02 0.121854043E+02 0.135226072E+02-0.351397086E+01-0.363774988E+01
-0.377634267E+01-0.392789246E+01-0.409128710E+01-0.426580041E+01-0.445094615E+01
-0.464631990E+01-0.485165318E+01-0.506670037E+01-0.529129502E+01-0.552532417E+01
-0.576875717E+01-0.602179552E+01-0.627854201E+01-0.652145814E+01-0.676248976E+01
-0.700011943E+01-0.723075492E+01-0.744939331E+01-0.764976773E+01-0.782481570E+01
-0.796657272E+01-0.806655486E+01-0.811654761E+01-0.810906268E+01-0.803857026E+01
-0.790168208E+01-0.769754622E+01-0.742785015E+01-0.709606363E+01-0.670461125E+01
-0.628001827E+01-0.573378929E+01-0.516259742E+01-0.456568530E+01-0.394303495E+01
-0.329510033E+01-0.262222875E+01-0.192447650E+01-0.120155985E+01-0.452865533E+00
 0.322559405E+00 0.112602442E+01 0.195919997E+01 0.282417824E+01 0.372341912E+01
 0.465989541E+01 0.563712117E+01 0.665922970E+01 0.773106450E+01 0.885828130E+01
 0.100474530E+02 0.113061565E+02 0.126429933E+02 0.140674446E+02-0.353933931E+01
-0.365847235E+01-0.379179746E+01-0.393768710E+01-0.409506684E+01-0.426315650E+01
-0.444137106E+01-0.462919027E+01-0.482621826E+01-0.503207982E+01-0.524647314E+01
-0.546913432E+01-0.569980756E+01-0.593810783E+01-0.618281334E+01-0.641437397E+01
-0.663690658E+01-0.685356155E+01-0.706134538E+01-0.725564911E+01-0.743094047E+01
-0.758048477E+01-0.769719622E+01-0.777358666E+01-0.780259816E+01-0.777787858E+01
-0.769481184E+01-0.755061666E+01-0.734458925E+01-0.707797954E+01-0.675263750E+01
-0.636696217E+01-0.590342625E+01-0.539122690E+01-0.484517583E+01-0.426963429E+01
-0.366620075E+01-0.303566854E+01-0.237841347E+01-0.169446560E+01-0.983491150E+00
-0.244821443E+00 0.522568354E+00 0.132008552E+01 0.214956069E+01 0.301323340E+01
 0.391385544E+01 0.485476003E+01 0.583995779E+01 0.687426441E+01 0.796346591E+01
 0.911453112E+01 0.103358832E+02 0.116377420E+02 0.130325444E+02 0.145354296E+02
-0.355441421E+01-0.367214906E+01-0.380216960E+01-0.394370550E+01-0.409601471E+01
-0.425840621E+01-0.443026903E+01-0.461100656E+01-0.480011900E+01-0.499711768E+01
-0.520158122E+01-0.541312795E+01-0.563141307E+01-0.585615669E+01-0.608742766E+01
-0.631409712E+01-0.651676262E+01-0.671295860E+01-0.689868960E+01-0.706978978E+01
-0.722103139E+01-0.734653554E+01-0.743993749E+01-0.749456617E+01-0.750445904E+01
-0.746428562E+01-0.737019231E+01-0.721969439E+01-0.701147580E+01-0.674565245E+01
-0.642132467E+01-0.602673093E+01-0.556545205E+01-0.507188840E+01-0.454620041E+01
-0.399008407E+01-0.340476517E+01-0.279097423E+01-0.214904573E+01-0.147896074E+01
-0.780333608E+00-0.524450675E-01 0.705789902E+00 0.149585657E+01 0.231968541E+01
 0.317965379E+01 0.407871430E+01 0.502047280E+01 0.600931819E+01 0.705059430E+01
 0.815083038E+01 0.931805285E+01 0.105622121E+02 0.118957742E+02 0.133345538E+02
 0.148989002E+02-0.356314128E+01-0.368055426E+01-0.380830329E+01-0.394642473E+01
-0.409449770E+01-0.425192351E+01-0.441807365E+01-0.459228477E+01-0.477396274E+01
-0.496251487E+01-0.515740954E+01-0.535815434E+01-0.556429018E+01-0.577536583E+01
-0.599080343E+01-0.620740035E+01-0.640079613E+01-0.657940320E+01-0.674482068E+01
-0.689429415E+01-0.702319479E+01-0.712631194E+01-0.719811849E+01-0.723283017E+01
-0.722541456E+01-0.717137930E+01-0.706781084E+01-0.691110817E+01-0.669931435E+01
-0.643148639E+01-0.610191164E+01-0.569278856E+01-0.524994620E+01-0.477441620E+01
-0.426698684E+01-0.372870105E+01-0.316042837E+01-0.256272828E+01-0.193586202E+01
-0.127971199E+01-0.593857068E+00 0.122464392E+00 0.870377185E+00 0.165141848E+01
 0.246755409E+01 0.332125293E+01 0.421557367E+01 0.515427450E+01 0.614196176E+01
 0.718429059E+01 0.828823847E+01 0.946248388E+01 0.107179398E+02 0.120685220E+02
 0.135322834E+02 0.151331366E+02-0.356940320E+01-0.368556524E+01-0.381118952E+01
-0.394647211E+01-0.409102257E+01-0.424420758E+01-0.440532871E+01-0.457363701E+01
-0.474843986E+01-0.492904277E+01-0.511480938E+01-0.530514619E+01-0.549950759E+01
-0.569740471E+01-0.589843216E+01-0.610241395E+01-0.629444569E+01-0.645524877E+01
-0.660172035E+01-0.673122806E+01-0.683945626E+01-0.692215009E+01-0.697415731E+01
-0.699066084E+01-0.696751050E+01-0.690076130E+01-0.678877593E+01-0.662442490E+01
-0.640667310E+01-0.613170932E+01-0.577559788E+01-0.538364369E+01-0.495769142E+01
-0.449894634E+01-0.400831269E+01-0.348660190E+01-0.293445687E+01-0.235228278E+01
-0.174023485E+01-0.109812121E+01-0.425481196E+00 0.278472174E+00 0.101487685E+01
 0.178527283E+01 0.259162677E+01 0.343641061E+01 0.432268813E+01 0.525423138E+01
 0.623567583E+01 0.727272950E+01 0.837245866E+01 0.954368497E+01 0.107975484E+02
 0.121483243E+02 0.136146423E+02 0.152213620E+02-0.357445773E+01-0.368796052E+01
-0.381140946E+01-0.394436955E+01-0.408611982E+01-0.423583138E+01-0.439266695E+01
-0.455576462E+01-0.472432411E+01-0.489754764E+01-0.507469444E+01-0.525506924E+01
-0.543803428E+01-0.562303999E+01-0.580971431E+01-0.599814667E+01-0.618098015E+01
-0.634029983E+01-0.646969236E+01-0.658159121E+01-0.667091908E+01-0.673509779E+01
-0.676939359E+01-0.676951530E+01-0.673235394E+01-0.665330892E+01-0.653308500E+01
-0.635340796E+01-0.612492752E+01-0.581940424E+01-0.547713293E+01-0.509992415E+01
-0.468913956E+01-0.424580628E+01-0.377072652E+01-0.326454850E+01-0.272775112E+01
-0.216063581E+01-0.156320941E+01-0.935254476E+00-0.276278673E+00 0.414511028E+00
 0.113822978E+01 0.189638342E+01 0.269088131E+01 0.352411623E+01 0.439904944E+01
 0.531932215E+01 0.628940246E+01 0.731478110E+01 0.840223588E+01 0.956019435E+01
 0.107992405E+02 0.121328370E+02 0.135783795E+02 0.151587747E+02-0.357632883E+01
-0.368711856E+01-0.380898946E+01-0.394046442E+01-0.408031090E+01-0.422742666E+01
-0.438080405E+01-0.453945725E+01-0.470247558E+01-0.486895820E+01-0.503805860E+01
-0.520897198E+01-0.538094206E+01-0.555327513E+01-0.572536007E+01-0.589665221E+01
-0.606632579E+01-0.622266963E+01-0.634646294E+01-0.644546671E+01-0.651734842E+01
-0.656510314E+01-0.658376966E+01-0.656969036E+01-0.652210508E+01-0.643142873E+01
-0.631154036E+01-0.609769206E+01-0.583367048E+01-0.553676608E+01-0.520590325E+01
-0.484151722E+01-0.444436164E+01-0.401516750E+01-0.355455728E+01-0.306302520E+01
-0.254094975E+01-0.198845691E+01-0.140551205E+01-0.791856638E+00-0.146987395E+00
 0.529868107E+00 0.123977502E+01 0.198416042E+01 0.276481613E+01 0.358397799E+01
 0.444440185E+01 0.534946117E+01 0.630327292E+01 0.731086100E+01 0.837837065E+01
 0.951335264E+01 0.107251439E+02 0.120253825E+02 0.134287096E+02 0.149537284E+02
-0.357140479E+01-0.368178156E+01-0.380375416E+01-0.393508911E+01-0.407417899E+01
-0.421971480E+01-0.437055210E+01-0.452559933E+01-0.468384526E+01-0.484429181E+01
-0.500598856E+01-0.516801824E+01-0.532949585E+01-0.548956729E+01-0.564740203E+01
-0.580216570E+01-0.595296829E+01-0.609907544E+01-0.622674426E+01-0.632659786E+01
-0.637722505E+01-0.641023552E+01-0.641447882E+01-0.638695094E+01-0.633724778E+01
-0.622018877E+01-0.604806505E+01-0.582441838E+01-0.556902368E+01-0.528121681E+01
-0.496075094E+01-0.460789461E+01-0.422313538E+01-0.380699063E+01-0.335991843E+01
-0.288231729E+01-0.237437135E+01-0.183615945E+01-0.126758915E+01-0.668376942E+00
-0.380282929E-01 0.624170525E+00 0.131923211E+01 0.204844464E+01 0.281343024E+01
 0.361619868E+01 0.445921051E+01 0.534545465E+01 0.627854420E+01 0.726283478E+01
 0.830357083E+01 0.940706549E+01 0.105809188E+02 0.118342746E+02 0.131781016E+02
 0.146254529E+02-0.355746473E+01-0.367142537E+01-0.379594412E+01-0.392883750E+01
-0.406849106E+01-0.421355951E+01-0.436284156E+01-0.451517880E+01-0.466947793E+01
-0.482465410E+01-0.497965880E+01-0.513346642E+01-0.528506758E+01-0.543345768E+01
-0.557761552E+01-0.571646852E+01-0.584885292E+01-0.597352056E+01-0.608912158E+01
-0.618154542E+01-0.624022628E+01-0.626702057E+01-0.625645560E+01-0.620404395E+01
-0.611103332E+01-0.596635201E+01-0.579063167E+01-0.557743978E+01-0.533072486E+01
-0.505167655E+01-0.474078269E+01-0.439844479E+01-0.402507331E+01-0.362105857E+01
-0.318677763E+01-0.272242556E+01-0.222813672E+01-0.170391892E+01-0.114963753E+01
-0.564999895E+00 0.504375992E-01 0.697368341E+00 0.137667074E+01 0.208947283E+01
 0.283718066E+01 0.362152081E+01 0.444458757E+01 0.530889717E+01 0.621744931E+01
 0.717379541E+01 0.818211134E+01 0.924726868E+01 0.103748908E+02 0.115713650E+02
 0.128437513E+02 0.141994706E+02-0.353598771E+01-0.365726193E+01-0.378665748E+01
-0.392275868E+01-0.406428076E+01-0.421000059E+01-0.435873325E+01-0.450929000E+01
-0.466051046E+01-0.481123346E+01-0.496031942E+01-0.510664342E+01-0.524908569E+01
-0.538651387E+01-0.551775128E+01-0.564152583E+01-0.575639189E+01-0.586060379E+01
-0.595183889E+01-0.602652162E+01-0.607149386E+01-0.608262496E+01-0.605457507E+01
-0.598247627E+01-0.587972813E+01-0.573972295E+01-0.556613795E+01-0.535874535E+01
-0.511889511E+01-0.484753885E+01-0.454527312E+01-0.421253345E+01-0.384967945E+01
-0.345705895E+01-0.303485188E+01-0.258320583E+01-0.210217440E+01-0.159170672E+01
-0.105163797E+01-0.481711600E+00 0.118536614E+00 0.749681388E+00 0.141246573E+01
 0.210782775E+01 0.283692139E+01 0.360114778E+01 0.440218612E+01 0.524202444E+01
 0.612298741E+01 0.704775680E+01 0.801937660E+01 0.904122915E+01 0.101169574E+02
 0.112502900E+02 0.124446939E+02 0.137027211E+02-0.351171037E+01-0.364207500E+01
-0.377778085E+01-0.391832159E+01-0.406282657E+01-0.421023956E+01-0.435940706E+01
-0.450912621E+01-0.465816482E+01-0.480529315E+01-0.494928365E+01-0.508892330E+01
-0.522300175E+01-0.535029139E+01-0.546951047E+01-0.557926288E+01-0.567794231E+01
-0.576357201E+01-0.583350969E+01-0.588387297E+01-0.590839586E+01-0.590281865E+01
-0.586371492E+01-0.578940051E+01-0.568270667E+01-0.554292726E+01-0.537100841E+01
-0.516741111E+01-0.493287116E+01-0.466805002E+01-0.437345194E+01-0.404945691E+01
-0.369640496E+01-0.331445896E+01-0.290375753E+01-0.246436164E+01-0.199625144E+01
-0.149932394E+01-0.973431055E+00-0.418249868E+00 0.166589409E+00 0.781559066E+00
 0.142724715E+01 0.210437887E+01 0.281383032E+01 0.355665007E+01 0.433407557E+01
 0.514754308E+01 0.599868619E+01 0.688931614E+01 0.782137294E+01 0.879683025E+01
 0.981752611E+01 0.108848754E+02 0.119993940E+02 0.131599271E+02-0.349001677E+01
-0.362908291E+01-0.377147416E+01-0.391717228E+01-0.406553179E+01-0.421557282E+01
-0.436613365E+01-0.451595892E+01-0.466374098E+01-0.480816437E+01-0.494791912E+01
-0.508171311E+01-0.520826729E+01-0.532629617E+01-0.543447200E+01-0.553136716E+01
-0.561536789E+01-0.568454876E+01-0.573649845E+01-0.576812563E+01-0.577566871E+01
-0.575595932E+01-0.570661314E+01-0.562643549E+01-0.551575469E+01-0.537454794E+01
-0.520317688E+01-0.500202490E+01-0.477156119E+01-0.451223517E+01-0.422442119E+01
-0.390845663E+01-0.356449330E+01-0.319265465E+01-0.279298834E+01-0.236546918E+01
-0.191000360E+01-0.142648293E+01-0.914643516E+00-0.374224974E+00 0.195080412E+00
 0.793631096E+00 0.142184517E+01 0.208021792E+01 0.276933080E+01 0.348986610E+01
 0.424261239E+01 0.502845819E+01 0.584836807E+01 0.670333321E+01 0.759428530E+01
 0.852195703E+01 0.948666426E+01 0.104879734E+02 0.115242027E+02 0.125916866E+02
-0.347448145E+01-0.362073894E+01-0.376958362E+01-0.392084332E+01-0.407378006E+01
-0.422732808E+01-0.438023080E+01-0.453112652E+01-0.467860285E+01-0.482124315E+01
-0.495764628E+01-0.508644937E+01-0.520632555E+01-0.531596805E+01-0.541405985E+01
-0.549922509E+01-0.556996216E+01-0.562456152E+01-0.566102304E+01-0.567702147E+01
-0.567003984E+01-0.563783335E+01-0.557868238E+01-0.549158281E+01-0.537624785E+01
-0.523260014E+01-0.506078101E+01-0.486103033E+01-0.463365396E+01-0.437894130E+01
-0.409719704E+01-0.378855636E+01-0.345312630E+01-0.309093460E+01-0.270193242E+01
-0.228600151E+01-0.184301919E+01-0.137271008E+01-0.874833303E+00-0.349141288E+00
 0.204609369E+00 0.786655375E+00 0.139723281E+01 0.203659376E+01 0.270501437E+01
 0.340280687E+01 0.413031881E+01 0.488791618E+01 0.567594450E+01 0.649466055E+01
 0.734412508E+01 0.822404295E+01 0.913353185E+01 0.100707947E+02 0.110326643E+02
 0.120139869E+02-0.346592540E+01-0.361816778E+01-0.377332342E+01-0.393057715E+01
-0.408883742E+01-0.424680552E+01-0.440304092E+01-0.455602040E+01-0.470418534E+01
-0.484599375E+01-0.497994759E+01-0.510460787E+01-0.521862169E+01-0.532069289E+01
-0.540956379E+01-0.548397536E+01-0.554261641E+01-0.558407000E+01-0.560677472E+01
-0.560903319E+01-0.558911281E+01-0.554545232E+01-0.547682375E+01-0.538242982E+01
-0.526188691E+01-0.511505719E+01-0.494198316E+01-0.474279322E+01-0.451771045E+01
-0.426693135E+01-0.399056937E+01-0.368871552E+01-0.336138001E+01-0.300848939E+01
-0.262988872E+01-0.222541100E+01-0.179471805E+01-0.133751128E+01-0.853502769E+00
-0.342446404E+00 0.195839617E+00 0.761464236E+00 0.135446945E+01 0.197485075E+01
 0.262257021E+01 0.329757162E+01 0.399977897E+01 0.472907480E+01 0.548525315E+01
 0.626794169E+01 0.707648624E+01 0.790978853E+01 0.876608543E+01 0.964265585E+01
 0.105354416E+02 0.114385737E+02-0.346302712E+01-0.362139101E+01-0.378334003E+01
-0.394733208E+01-0.411184309E+01-0.427527142E+01-0.443593230E+01-0.459209047E+01
-0.474200589E+01-0.488397253E+01-0.501638406E+01-0.513772687E+01-0.524662982E+01
-0.534183678E+01-0.542219047E+01-0.548659909E+01-0.553399362E+01-0.556328523E+01
-0.557333966E+01-0.556298519E+01-0.553107000E+01-0.547656196E+01-0.539863739E+01
-0.529673313E+01-0.517054355E+01-0.501993948E+01-0.484496033E+01-0.464570343E+01
-0.442226009E+01-0.417475893E+01-0.390326584E+01-0.360778481E+01-0.328822937E+01
-0.294442001E+01-0.257614480E+01-0.218298417E+01-0.176453220E+01-0.132037598E+01
-0.850149381E+00-0.353585866E+00 0.169442455E+00 0.718909812E+00 0.129464720E+01
 0.189637414E+01 0.252372618E+01 0.317628032E+01 0.385355866E+01 0.455500672E+01
 0.527994342E+01 0.602747995E+01 0.679640465E+01 0.758502950E+01 0.839099285E+01
 0.921101371E+01 0.100405958E+02 0.108736885E+02-0.346402740E+01-0.363010158E+01
-0.380005075E+01-0.397192575E+01-0.414387082E+01-0.431398851E+01-0.448031934E+01
-0.464087341E+01-0.479368421E+01-0.493685272E+01-0.506863350E+01-0.518744686E+01
-0.529189387E+01-0.538079286E+01-0.545312307E+01-0.550800382E+01-0.554465045E+01
-0.556232660E+01-0.556031574E+01-0.553791404E+01-0.549445242E+01-0.542934317E+01
-0.534212035E+01-0.523246351E+01-0.510023012E+01-0.494538286E+01-0.476793506E+01
-0.456798412E+01-0.434562169E+01-0.410092366E+01-0.383390471E+01-0.354450768E+01
-0.323254908E+01-0.289780790E+01-0.253980600E+01-0.215802898E+01-0.175189635E+01
-0.132082722E+01-0.864325367E+00-0.382066660E+00 0.126035693E+00 0.659808496E+00
 0.121884226E+01 0.180254589E+01 0.241020526E+01 0.304102676E+01 0.369415182E+01
 0.436863818E+01 0.506340885E+01 0.577717044E+01 0.650830232E+01 0.725471654E+01
 0.801368848E+01 0.878165937E+01 0.955401659E+01 0.103248654E+02-0.346850375E+01
-0.364445378E+01-0.382399790E+01-0.400519627E+01-0.418600676E+01-0.436426122E+01
-0.453769783E+01-0.470402352E+01-0.486099128E+01-0.500647944E+01-0.513855136E+01
-0.525554703E+01-0.535608035E+01-0.543903724E+01-0.550358169E+01-0.554909077E+01
-0.557511281E+01-0.558129204E+01-0.556733602E+01-0.553298612E+01-0.547800989E+01
-0.540222521E+01-0.530550232E+01-0.518778980E+01-0.504908234E+01-0.488945513E+01
-0.470900807E+01-0.450786040E+01-0.428611240E+01-0.404383043E+01-0.378098603E+01
-0.349751229E+01-0.319317306E+01-0.286751468E+01-0.251997575E+01-0.214983988E+01
-0.175628545E+01-0.133847918E+01-0.895709518E+00-0.427532856E+00 0.661151626E-01
 0.584886529E+00 0.112807373E+01 0.169471487E+01 0.228370172E+01 0.289385541E+01
 0.352395511E+01 0.417272109E+01 0.483876030E+01 0.552048257E+01 0.621599353E+01
 0.692296790E+01 0.763850622E+01 0.835897997E+01 0.907987398E+01 0.979564286E+01
-0.347781556E+01-0.366527956E+01-0.385595957E+01-0.404806369E+01-0.423939057E+01
-0.442747196E+01-0.460968562E+01-0.478336482E+01-0.494591142E+01-0.509490776E+01
-0.522821727E+01-0.534404229E+01-0.544101530E+01-0.551815407E+01-0.557484788E+01
-0.561079619E+01-0.562591346E+01-0.562028069E+01-0.559405794E+01-0.554743799E+01
-0.548062077E+01-0.539379582E+01-0.528715440E+01-0.516089088E+01-0.501520023E+01
-0.485028239E+01-0.466632805E+01-0.446351513E+01-0.424196555E+01-0.400179433E+01
-0.374299563E+01-0.346538393E+01-0.316867648E+01-0.285236013E+01-0.251569768E+01
-0.215771829E+01-0.177726472E+01-0.137311893E+01-0.944211526E+00-0.489873764E+00
-0.100372376E-01 0.494716343E+00 0.102327204E+01 0.157418680E+01 0.214588202E+01
 0.273676520E+01 0.334527051E+01 0.396983497E+01 0.460883199E+01 0.526047912E+01
 0.592273076E+01 0.659316145E+01 0.726884403E+01 0.794622785E+01 0.862102740E+01
 0.928813888E+01-0.349388948E+01-0.369359799E+01-0.389675593E+01-0.410146159E+01
-0.430520344E+01-0.450509947E+01-0.469806164E+01-0.488094471E+01-0.505069897E+01
-0.520452397E+01-0.534000831E+01-0.545523611E+01-0.554882185E+01-0.561997194E+01
-0.566837066E+01-0.569411311E+01-0.569759056E+01-0.567937588E+01-0.564012592E+01
-0.558050749E+01-0.550115038E+01-0.540262257E+01-0.528542651E+01-0.515000272E+01
-0.499674016E+01-0.482597579E+01-0.463799273E+01-0.443306858E+01-0.421140169E+01
-0.397306945E+01-0.371810066E+01-0.344635972E+01-0.315752637E+01-0.285101684E+01
-0.252592309E+01-0.218096888E+01-0.181453370E+01-0.142480666E+01-0.101011396E+01
-0.569371146E+00-0.102466746E+00 0.389657432E+00 0.905267775E+00 0.144224497E+01
 0.199841881E+01 0.257174408E+01 0.316033542E+01 0.376241400E+01 0.437621141E+01
 0.499985838E+01 0.563127125E+01 0.626804128E+01 0.690732861E+01 0.754576398E+01
 0.817936590E+01 0.880349362E+01-0.351752809E+01-0.372987478E+01-0.394693446E+01
-0.416621184E+01-0.438463131E+01-0.459873001E+01-0.480481012E+01-0.499910559E+01
-0.517797637E+01-0.533811772E+01-0.547675717E+01-0.559180588E+01-0.568193699E+01
-0.574655550E+01-0.578575802E+01-0.580015617E+01-0.579073451E+01-0.575865404E+01
-0.570513858E+01-0.563137098E+01-0.553843013E+01-0.542726090E+01-0.529866869E+01
-0.515332561E+01-0.499181152E+01-0.481459908E+01-0.462209524E+01-0.441459895E+01
-0.419237897E+01-0.395560830E+01-0.370436628E+01-0.343858304E+01-0.315797481E+01
-0.286194189E+01-0.254944268E+01-0.221886531E+01-0.186796782E+01-0.149401962E+01
-0.109429773E+01-0.666933046E+00-0.211708507E+00 0.269797406E+00 0.774817809E+00
 0.130022060E+01 0.184307068E+01 0.240083940E+01 0.297137898E+01 0.355279320E+01
 0.414328384E+01 0.474100720E+01 0.534394959E+01 0.594982078E+01 0.655596114E+01
 0.715925886E+01 0.775607665E+01 0.834220364E+01-0.354747872E+01-0.377359599E+01
-0.400658666E+01-0.424295127E+01-0.447884704E+01-0.471007811E+01-0.493217711E+01
-0.514057652E+01-0.533085604E+01-0.549903409E+01-0.564185316E+01-0.575700042E+01
-0.584321481E+01-0.590025813E+01-0.592878074E+01-0.593009602E+01-0.590590096E+01
-0.585809571E+01-0.578856844E+01-0.569907302E+01-0.559115897E+01-0.546614554E+01
-0.532512767E+01-0.516900368E+01-0.499848504E+01-0.481416309E+01-0.461652205E+01
-0.440595528E+01-0.418279518E+01-0.394730523E+01-0.369966746E+01-0.343993799E+01
-0.316796584E+01-0.288325373E+01-0.258474527E+01-0.227054208E+01-0.193763003E+01
-0.158185986E+01-0.119862289E+01-0.784491084E+00-0.339028948E+00 0.134916435E+00
 0.632710703E+00 0.114964804E+01 0.168182664E+01 0.222626864E+01 0.278070014E+01
 0.334326531E+01 0.391228141E+01 0.448605442E+01 0.506274518E+01 0.564027129E+01
 0.621623151E+01 0.678783939E+01 0.735184377E+01 0.790439418E+01-0.358064913E+01
-0.382343958E+01-0.407543919E+01-0.433216835E+01-0.458903095E+01-0.484102156E+01
-0.508274146E+01-0.530859118E+01-0.551310373E+01-0.569136767E+01-0.583945692E+01
-0.595476526E+01-0.603616008E+01-0.608392078E+01-0.609949420E+01-0.608513724E+01
-0.604353519E+01-0.597748545E+01-0.588965189E+01-0.578241707E+01-0.565781482E+01
-0.551752144E+01-0.536288424E+01-0.519496929E+01-0.501461228E+01-0.482247905E+01
-0.461911076E+01-0.440496211E+01-0.418043452E+01-0.394589187E+01-0.370166033E+01
-0.344799913E+01-0.318502324E+01-0.291254157E+01-0.262975244E+01-0.233472690E+01
-0.202367872E+01-0.169035223E+01-0.132662288E+01-0.925732040E+00-0.486792180E+00
-0.154567035E-01 0.480044331E+00 0.992566158E+00 0.151713808E+01 0.205056913E+01
 0.259075607E+01 0.313613465E+01 0.368532453E+01 0.423691514E+01 0.478933819E+01
 0.534079173E+01 0.588919533E+01 0.643216270E+01 0.696695746E+01 0.749019219E+01
-0.361324917E+01-0.387807732E+01-0.415318951E+01-0.443431042E+01-0.471639899E+01
-0.499363026E+01-0.525949116E+01-0.550703610E+01-0.572935947E+01-0.592023329E+01
-0.607477922E+01-0.618999647E+01-0.626498924E+01-0.630083447E+01-0.630015378E+01
-0.626653580E+01-0.620396559E+01-0.611637064E+01-0.600732140E+01-0.587987843E+01
-0.573655149E+01-0.557933041E+01-0.540975449E+01-0.522899678E+01-0.503794892E+01
-0.483730041E+01-0.462760707E+01-0.440934886E+01-0.418297830E+01-0.394895808E+01
-0.370778595E+01-0.345999857E+01-0.320613371E+01-0.294660147E+01-0.268135487E+01
-0.240913669E+01-0.212596222E+01-0.182283276E+01-0.148487416E+01-0.109756267E+01
-0.659000954E+00-0.181689744E+00 0.318876531E+00 0.832059184E+00 0.135225053E+01
 0.187676503E+01 0.240423381E+01 0.293374628E+01 0.346444093E+01 0.399531746E+01
 0.452515247E+01 0.505246642E+01 0.557552391E+01 0.609237943E+01 0.660110670E+01
 0.710038611E+01
 0.524915049E+01 0.474469327E+01 0.424023604E+01 0.387484550E+01 0.358032169E+01
 0.335062387E+01 0.317567648E+01 0.304085110E+01 0.294610747E+01 0.288173192E+01
 0.283696187E+01 0.280820719E+01 0.279353627E+01 0.278984806E+01 0.279294019E+01
 0.280087616E+01 0.281435564E+01 0.283221506E+01 0.285230347E+01 0.287030725E+01
 0.288193136E+01 0.288605038E+01 0.288707577E+01 0.289010513E+01 0.290407487E+01
 0.293206538E+01 0.297543235E+01 0.303278942E+01 0.310158034E+01 0.317682462E+01
 0.325622593E+01 0.333945916E+01 0.342826063E+01 0.352315549E+01 0.362304246E+01
 0.372894953E+01 0.384274016E+01 0.396566717E+01 0.409688506E+01 0.423700478E+01
 0.438823052E+01 0.455162416E+01 0.472869334E+01 0.492138703E+01 0.513162697E+01
 0.536232193E+01 0.561696844E+01 0.589796469E+01 0.621387759E+01 0.658268855E+01
 0.698407779E+01 0.720130004E+01 0.717571048E+01 0.726670804E+01 0.766501402E+01
 0.871167266E+01
  270   27
 0.418687953E+01 0.441601273E+00 0.418340444E+01 0.497020351E+00 0.418033317E+01
 0.552591798E+00 0.417767534E+01 0.608347278E+00 0.417543438E+01 0.664318482E+00
 0.417361357E+01 0.720537441E+00 0.417222152E+01 0.777036071E+00 0.417126709E+01
 0.833846420E+00 0.417075846E+01 0.891000964E+00 0.417070852E+01 0.948531836E+00
 0.417113218E+01 0.100647101E+01 0.417204062E+01 0.106485161E+01 0.417345876E+01
 0.112370396E+01 0.417539892E+01 0.118306161E+01 0.417787780E+01 0.124295784E+01
 0.418092829E+01 0.130342130E+01 0.418456093E+01 0.136448815E+01 0.418881890E+01
 0.142618372E+01 0.419372235E+01 0.148854164E+01 0.419930034E+01 0.155159291E+01
 0.420560410E+01 0.161535869E+01 0.421265163E+01 0.167987511E+01 0.422051692E+01
 0.174515092E+01 0.422921296E+01 0.181122508E+01 0.423881236E+01 0.187810471E+01
 0.424935361E+01 0.194581462E+01 0.426086563E+01 0.201438671E+01 0.427344534E+01
 0.208380830E+01 0.428726238E+01 0.215400718E+01 0.430233682E+01 0.222500782E+01
 0.431836342E+01 0.229709855E+01 0.433549405E+01 0.237023900E+01 0.435389853E+01
 0.244435951E+01 0.437375516E+01 0.251936514E+01 0.439510676E+01 0.259527118E+01
 0.441808695E+01 0.267200348E+01 0.444288288E+01 0.274941655E+01 0.446950122E+01
 0.282753841E+01 0.449741365E+01 0.290702803E+01 0.452711095E+01 0.298743101E+01
 0.455919253E+01 0.306806032E+01 0.459367020E+01 0.314888342E+01 0.462983959E+01
 0.323088022E+01 0.466800881E+01 0.331373837E+01 0.470893769E+01 0.339637485E+01
 0.475299796E+01 0.347811643E+01 0.480004896E+01 0.355904394E+01 0.485014124E+01
 0.363892561E+01 0.490425206E+01 0.371570094E+01 0.496144655E+01 0.379075669E+01
 0.502302901E+01 0.386098434E+01 0.508858439E+01 0.392648050E+01 0.515837665E+01
 0.398573560E+01 0.523305804E+01 0.403582621E+01 0.531139005E+01 0.407839481E+01
 0.539442287E+01 0.410863962E+01 0.548113567E+01 0.412709642E+01 0.557067120E+01
 0.413399357E+01 0.566209450E+01 0.413004428E+01 0.575464569E+01 0.411556929E+01
 0.584781669E+01 0.408985137E+01 0.594078695E+01 0.405360680E+01 0.603174036E+01
 0.401458421E+01 0.612087279E+01 0.397064921E+01 0.620843243E+01 0.391721238E+01
 0.629323397E+01 0.386192958E+01 0.637519772E+01 0.380574699E+01 0.645453123E+01
 0.374373778E+01 0.653087777E+01 0.367948518E+01 0.660417248E+01 0.361348728E+01
 0.667439513E+01 0.354638121E+01 0.674178699E+01 0.348238838E+01 0.680614629E+01
 0.341554630E+01 0.686803411E+01 0.335251909E+01 0.692698291E+01 0.328714975E+01
 0.698341526E+01 0.322297083E+01 0.703756710E+01 0.316058320E+01 0.708886636E+01
 0.309628586E+01 0.713817864E+01 0.303438798E+01 0.718536857E+01 0.297351502E+01
 0.723020796E+01 0.291245523E+01 0.727325803E+01 0.285304983E+01 0.731547916E+01
 0.279780441E+01 0.735585573E+01 0.274285334E+01 0.739322919E+01 0.268501543E+01
 0.742892238E+01 0.262810299E+01 0.746374944E+01 0.257381170E+01 0.749661443E+01
 0.251926873E+01 0.752763558E+01 0.246475123E+01 0.755762040E+01 0.241181676E+01
 0.758738301E+01 0.236170213E+01 0.761673668E+01 0.231364301E+01 0.764420108E+01
 0.226489192E+01 0.766914696E+01 0.221457174E+01 0.769254661E+01 0.216436402E+01
 0.771561973E+01 0.211599222E+01 0.773902270E+01 0.207009891E+01 0.776250564E+01
 0.202603419E+01 0.778473385E+01 0.198192631E+01 0.780483999E+01 0.193677861E+01
 0.782305633E+01 0.189100257E+01 0.784049153E+01 0.184587892E+01 0.785794894E+01
 0.180215849E+01 0.787575636E+01 0.175999377E+01 0.789356703E+01 0.171887509E+01
 0.791069969E+01 0.167807555E+01 0.792651745E+01 0.163702812E+01 0.794108087E+01
 0.159582736E+01 0.795483182E+01 0.155484803E+01 0.796813166E+01 0.151434159E+01
 0.798118150E+01 0.147440062E+01 0.799388638E+01 0.143490036E+01 0.800625869E+01
 0.139580092E+01 0.801841373E+01 0.135712599E+01 0.803056857E+01 0.131894584E+01
 0.804279995E+01 0.128123372E+01 0.805483125E+01 0.124378072E+01 0.806628237E+01
 0.120636494E+01 0.807709385E+01 0.116895269E+01 0.808743400E+01 0.113161292E+01
 0.809702463E+01 0.109422265E+01 0.810565096E+01 0.105671262E+01 0.811313765E+01
 0.101904958E+01 0.811971184E+01 0.981343646E+00 0.812588754E+01 0.943763480E+00
 0.813207843E+01 0.906400014E+00 0.813846393E+01 0.869248683E+00 0.814477382E+01
 0.832193293E+00 0.815078687E+01 0.795154557E+00 0.815634663E+01 0.758085959E+00
 0.816140619E+01 0.720971762E+00 0.816608003E+01 0.683819742E+00 0.817040118E+01
 0.646619413E+00 0.817438536E+01 0.609356115E+00 0.817803825E+01 0.572013322E+00
 0.818135160E+01 0.534573642E+00 0.818430748E+01 0.497020351E+00 0.818688745E+01
 0.459338212E+00 0.818908059E+01 0.421513076E+00 0.819089028E+01 0.383530452E+00
 0.819230303E+01 0.345376665E+00 0.819330307E+01 0.307039043E+00 0.819387894E+01
 0.268505194E+00 0.819402445E+01 0.229762254E+00 0.819372283E+01 0.190799182E+00
 0.819295586E+01 0.151606000E+00 0.819170612E+01 0.112173388E+00 0.818996192E+01
 0.724912267E-01 0.818771250E+01 0.325492002E-01 0.818494770E+01-0.766329204E-02
 0.818166068E+01-0.481582216E-01 0.817782653E+01-0.889416729E-01 0.817340577E+01
-0.130012910E+00 0.816833037E+01-0.171356620E+00 0.816250525E+01-0.212939595E+00
 0.815600338E+01-0.254799042E+00 0.814898773E+01-0.297027178E+00 0.814174838E+01
-0.339804834E+00 0.813422295E+01-0.383152590E+00 0.812591566E+01-0.426830707E+00
 0.811617768E+01-0.470445234E+00 0.810487708E+01-0.513859391E+00 0.809212439E+01
-0.557084961E+00 0.807808855E+01-0.600189245E+00 0.806254965E+01-0.642965401E+00
 0.804552036E+01-0.685358753E+00 0.802782645E+01-0.727995755E+00 0.801028716E+01
-0.771627287E+00 0.799307918E+01-0.816554428E+00 0.797552620E+01-0.862299674E+00
 0.795635682E+01-0.907677407E+00 0.793442718E+01-0.951404186E+00 0.791011341E+01
-0.993648550E+00 0.788469679E+01-0.103568933E+01 0.785957870E+01-0.107921967E+01
 0.783440017E+01-0.112401429E+01 0.780845859E+01-0.116932679E+01 0.778089208E+01
-0.121402534E+01 0.775122690E+01-0.125732043E+01 0.772033359E+01-0.130036454E+01
 0.768918301E+01-0.134473662E+01 0.765676089E+01-0.138892626E+01 0.762201572E+01
-0.143100682E+01 0.758558644E+01-0.147188201E+01 0.754889711E+01-0.151430312E+01
 0.751121170E+01-0.155701346E+01 0.747178903E+01-0.159840886E+01 0.743117006E+01
-0.163962549E+01 0.739007352E+01-0.168260876E+01 0.734747143E+01-0.172491539E+01
 0.730315872E+01-0.176584528E+01 0.725804171E+01-0.180818310E+01 0.721181060E+01
-0.185131849E+01 0.716353859E+01-0.189191903E+01 0.711374730E+01-0.193164199E+01
 0.706310960E+01-0.197373433E+01 0.701076725E+01-0.201455302E+01 0.695668635E+01
-0.205357367E+01 0.690139198E+01-0.209425850E+01 0.684462057E+01-0.213571336E+01
 0.678610545E+01-0.217599521E+01 0.672590831E+01-0.221572132E+01 0.666410930E+01
-0.225779282E+01 0.660048162E+01-0.230225455E+01 0.653485064E+01-0.234401690E+01
 0.646722401E+01-0.238622345E+01 0.639734193E+01-0.243150494E+01 0.632516171E+01
-0.247675788E+01 0.625072209E+01-0.252081249E+01 0.617336786E+01-0.256870344E+01
 0.609298425E+01-0.261874966E+01 0.600985669E+01-0.266785217E+01 0.592311931E+01
-0.272009556E+01 0.583245042E+01-0.277534283E+01 0.573855636E+01-0.282933182E+01
 0.564012766E+01-0.288664191E+01 0.553865183E+01-0.294093836E+01 0.543340388E+01
-0.299462770E+01 0.532471532E+01-0.304637395E+01 0.521989139E+01-0.307669143E+01
 0.513039641E+01-0.306094842E+01 0.506542184E+01-0.298613663E+01 0.501194366E+01
-0.289108188E+01 0.496763711E+01-0.278402347E+01 0.492805769E+01-0.267560344E+01
 0.489065145E+01-0.257078918E+01 0.485654009E+01-0.246715772E+01 0.482476411E+01
-0.236619569E+01 0.479462420E+01-0.226869272E+01 0.476541827E+01-0.217528220E+01
 0.473689896E+01-0.208582052E+01 0.470948020E+01-0.199928288E+01 0.468340735E+01
-0.191503190E+01 0.465847971E+01-0.183307942E+01 0.463448208E+01-0.175344292E+01
 0.461117899E+01-0.167614860E+01 0.458829270E+01-0.160125045E+01 0.456592126E+01
-0.152839826E+01 0.454459950E+01-0.145686702E+01 0.452421985E+01-0.138664160E+01
 0.450478536E+01-0.131760588E+01 0.448611404E+01-0.124981312E+01 0.446815764E+01
-0.118319306E+01 0.445065935E+01-0.111783920E+01 0.443372151E+01-0.105355769E+01
 0.441749209E+01-0.990148826E+00 0.440194301E+01-0.927557961E+00 0.438712945E+01
-0.865682015E+00 0.437295348E+01-0.804522357E+00 0.435945247E+01-0.743997701E+00
 0.434655715E+01-0.684093434E+00 0.433422935E+01-0.624775781E+00 0.432247241E+01
-0.565991385E+00 0.431119671E+01-0.507732738E+00 0.430032783E+01-0.449979753E+00
 0.428978478E+01-0.392710378E+00 0.427964105E+01-0.335841107E+00 0.427005511E+01
-0.279270610E+00 0.426098645E+01-0.222978621E+00 0.425240448E+01-0.166939914E+00
 0.424429881E+01-0.111122758E+00 0.423663683E+01-0.555013267E-01 0.422942524E+01
-0.397377233E-04 0.422264668E+01 0.552913940E-01 0.421628688E+01 0.110522504E+00
 0.421036050E+01 0.165688502E+00 0.420484702E+01 0.220818007E+00 0.419974280E+01
 0.275942530E+00 0.419505316E+01 0.331094100E+00 0.419076336E+01 0.386303009E+00
 0.440900000E+01-0.334700000E+01 0.433700000E+01-0.253400000E+01 0.436000000E+01
-0.244100000E+01 0.406500000E+01-0.131400000E+01 0.404900000E+01-0.118700000E+01
 0.404900000E+01 0.336800000E+01 0.410600000E+01 0.360000000E+01 0.449100000E+01
 0.433500000E+01 0.467300000E+01 0.453000000E+01 0.492900000E+01 0.460300000E+01
 0.545900000E+01 0.460800000E+01 0.576500000E+01 0.450700000E+01 0.668900000E+01
 0.380800000E+01 0.714300000E+01 0.341300000E+01 0.754000000E+01 0.296100000E+01
 0.787200000E+01 0.245900000E+01 0.813400000E+01 0.191700000E+01 0.832100000E+01
 0.134500000E+01 0.841000000E+01 0.816000000E+00 0.841000000E+01 0.280000000E+00
 0.832400000E+01-0.249000000E+00 0.815300000E+01-0.757000000E+00 0.778700000E+01
-0.160400000E+01 0.768300000E+01-0.175700000E+01 0.640600000E+01-0.304700000E+01
 0.620800000E+01-0.320000000E+01 0.556400000E+01-0.390000000E+01
