 -6.989479799999999E-002   100.000000000000     
 -6.489479500000001E-002   100.000000000000     
 -6.174671600000000E-002  0.312909948341849     
 -5.563410000000000E-002  0.350041092785600     
 -4.976035700000000E-002  0.351032117384325     
 -4.414136000000000E-002  0.353354714010039     
 -3.878984600000000E-002  0.362836160274437     
 -3.371651100000000E-002  0.378133118511003     
 -2.894596200000000E-002  0.398381304203742     
 -2.448068200000000E-002  0.421601478105964     
 -2.033702300000000E-002  0.430418558998878     
 -1.654206000000000E-002  0.403706475485600     
 -1.309843500000000E-002  0.341037823051640     
 -1.001660200000000E-002  0.267972259916807     
 -7.321260400000000E-003  0.209962331915030     
 -5.029613600000000E-003  0.169867168201925     
 -3.153706000000000E-003  0.149100914234244     
 -1.705904700000000E-003  0.139164563770064     
 -6.973156099999999E-004  0.135540281452390     
 -1.409700500000000E-004  0.134952595377941     
  1.409700500000000E-004  0.135146893217111     
  5.367067600000000E-004  0.135920344494526     
  1.244905200000000E-003  0.138703468301060     
  2.259783700000000E-003  0.145723993610919     
  3.575246300000000E-003  0.160696852103615     
  5.184793400000000E-003  0.189911630470113     
  7.082229000000000E-003  0.243304107235796     
  9.261528999999999E-003  0.335333073517206     
  1.171967900000000E-002  0.484548975840895     
  1.446663700000000E-002  0.699391043754932     
  1.749525800000000E-002  0.932364470336021     
  2.078478400000000E-002   1.09491226380715     
  2.433243000000000E-002   1.12968367843881     
  2.815654300000000E-002   1.04194084454290     
  3.225033000000000E-002  0.871207957133124     
  3.658660100000000E-002  0.661235673098307     
  4.118597100000000E-002  0.438643273317355     
  4.604621200000000E-002  0.210032480717466     
