  9.99999E-99  0.82327E-78  0.27132E-66  0.26659E-54  0.87994E-45  0.31628E-37
  0.31532E-31  0.18342E-26  0.11253E-22  0.11668E-19  0.29748E-17  0.25111E-15
  0.85797E-14  0.15007E-12  0.15183E-11  0.99356E-11  0.45897E-10  0.16031E-09
  0.44659E-09  0.10356E-08  0.20675E-08  0.36575E-08  0.58484E-08  0.85922E-08
  0.11770E-07  0.15216E-07  0.18747E-07  0.22190E-07  0.25394E-07  0.28235E-07
  0.30616E-07  0.32465E-07  0.33744E-07  0.34442E-07  0.34582E-07  0.34216E-07
  0.33414E-07  0.32262E-07  0.30845E-07  0.28667E-07  0.26670E-07  0.24757E-07
  0.22940E-07  0.21222E-07  0.19591E-07  0.18070E-07  0.16647E-07  0.15320E-07
  0.14086E-07  0.12939E-07  0.11876E-07  0.10893E-07  0.99841E-08  0.91461E-08
  0.83743E-08  0.76644E-08  0.70125E-08  0.64150E-08  0.58688E-08  0.53711E-08

  9.99999E-99  0.16456E-77  0.56455E-66  0.50920E-54  0.15620E-44  0.52726E-37
  0.49767E-31  0.27557E-26  0.16142E-22  0.16000E-19  0.39012E-17  0.31520E-15
  0.10389E-13  0.17512E-12  0.17153E-11  0.10924E-10  0.49370E-10  0.16950E-09
  0.46597E-09  0.10697E-08  0.21197E-08  0.37320E-08  0.59486E-08  0.87169E-08
  0.11917E-07  0.15381E-07  0.18926E-07  0.22379E-07  0.25589E-07  0.28432E-07
  0.30812E-07  0.32659E-07  0.33933E-07  0.34625E-07  0.34758E-07  0.34384E-07
  0.33575E-07  0.32415E-07  0.30990E-07  0.28805E-07  0.26800E-07  0.24881E-07
  0.23056E-07  0.21331E-07  0.19688E-07  0.18160E-07  0.16730E-07  0.15398E-07
  0.14158E-07  0.13007E-07  0.11941E-07  0.10954E-07  0.10044E-07  0.92037E-08
  0.84303E-08  0.77191E-08  0.70663E-08  0.64680E-08  0.59210E-08  0.54227E-08

  0.66230E-92  0.12557E-80  0.13212E-65  0.10812E-53  0.30336E-44  0.94878E-37
  0.83856E-31  0.43847E-26  0.24393E-22  0.23038E-19  0.53611E-17  0.41370E-15
  0.13113E-13  0.21223E-12  0.20032E-11  0.12353E-10  0.54344E-10  0.18255E-09
  0.49335E-09  0.11178E-08  0.21930E-08  0.38370E-08  0.60896E-08  0.88920E-08
  0.12123E-07  0.15612E-07  0.19177E-07  0.22643E-07  0.25860E-07  0.28706E-07
  0.31085E-07  0.32927E-07  0.34193E-07  0.34876E-07  0.35000E-07  0.34615E-07
  0.33794E-07  0.32622E-07  0.31186E-07  0.28989E-07  0.26972E-07  0.25042E-07
  0.23206E-07  0.21471E-07  0.19811E-07  0.18272E-07  0.16834E-07  0.15493E-07
  0.14247E-07  0.13091E-07  0.12020E-07  0.11030E-07  0.10117E-07  0.92743E-08
  0.84988E-08  0.77857E-08  0.71312E-08  0.65316E-08  0.59838E-08  0.54850E-08

  0.45711E-99  0.16424E-77  0.39767E-65  0.26144E-53  0.66157E-44  0.18891E-36
  0.15414E-30  0.75221E-26  0.39399E-22  0.35243E-19  0.77959E-17  0.57290E-15
  0.17406E-13  0.26951E-12  0.24404E-11  0.14494E-10  0.61714E-10  0.20171E-09
  0.53326E-09  0.11874E-08  0.22986E-08  0.39888E-08  0.62928E-08  0.91448E-08
  0.12421E-07  0.15945E-07  0.19538E-07  0.23022E-07  0.26249E-07  0.29098E-07
  0.31474E-07  0.33308E-07  0.34564E-07  0.35234E-07  0.35342E-07  0.34941E-07
  0.34104E-07  0.32915E-07  0.31461E-07  0.29247E-07  0.27213E-07  0.25266E-07
  0.23415E-07  0.21665E-07  0.19981E-07  0.18427E-07  0.16975E-07  0.15622E-07
  0.14366E-07  0.13201E-07  0.12124E-07  0.11128E-07  0.10209E-07  0.93630E-08
  0.85842E-08  0.78687E-08  0.72124E-08  0.66113E-08  0.60618E-08  0.55613E-08

  0.16109E-98  0.83543E-78  0.11253E-64  0.73557E-53  0.16635E-43  0.42846E-36
  0.31787E-30  0.14261E-25  0.69461E-22  0.58295E-19  0.12175E-16  0.84795E-15
  0.24583E-13  0.36278E-12  0.31374E-11  0.17850E-10  0.73108E-10  0.23101E-09
  0.59370E-09  0.12920E-08  0.24566E-08  0.42156E-08  0.65950E-08  0.95203E-08
  0.12863E-07  0.16439E-07  0.20073E-07  0.23581E-07  0.26824E-07  0.29676E-07
  0.32047E-07  0.33870E-07  0.35109E-07  0.35759E-07  0.35845E-07  0.35420E-07
  0.34557E-07  0.33343E-07  0.31863E-07  0.29624E-07  0.27566E-07  0.25595E-07
  0.23720E-07  0.21948E-07  0.20228E-07  0.18651E-07  0.17178E-07  0.15807E-07
  0.14534E-07  0.13355E-07  0.12265E-07  0.11260E-07  0.10333E-07  0.94800E-08
  0.86959E-08  0.79756E-08  0.73149E-08  0.67099E-08  0.61576E-08  0.56555E-08

  0.57941E-98  0.43298E-79  0.40636E-64  0.24602E-52  0.49980E-43  0.11521E-35
  0.76448E-30  0.30883E-25  0.13750E-21  0.10680E-18  0.20839E-16  0.13648E-14
  0.37512E-13  0.52526E-12  0.43196E-11  0.23424E-10  0.91711E-10  0.27819E-09
  0.68992E-09  0.14571E-08  0.27048E-08  0.45713E-08  0.70661E-08  0.10103E-07
  0.13544E-07  0.17202E-07  0.20898E-07  0.24444E-07  0.27708E-07  0.30566E-07
  0.32930E-07  0.34731E-07  0.35943E-07  0.36560E-07  0.36610E-07  0.36147E-07
  0.35245E-07  0.33991E-07  0.32473E-07  0.30195E-07  0.28099E-07  0.26092E-07
  0.24183E-07  0.22375E-07  0.20602E-07  0.18989E-07  0.17483E-07  0.16081E-07
  0.14782E-07  0.13579E-07  0.12469E-07  0.11446E-07  0.10504E-07  0.96387E-08
  0.88442E-08  0.81159E-08  0.74494E-08  0.68408E-08  0.62864E-08  0.57824E-08

  0.18786E-97  0.14083E-78  0.17372E-63  0.98653E-52  0.18338E-42  0.38002E-35
  0.22424E-29  0.80406E-25  0.32228E-21  0.22814E-18  0.40974E-16  0.24901E-14
  0.64123E-13  0.84570E-12  0.65710E-11  0.33741E-10  0.12535E-09  0.36188E-09
  0.85788E-09  0.17412E-08  0.31314E-08  0.51796E-08  0.78642E-08  0.11082E-07
  0.14680E-07  0.18466E-07  0.22256E-07  0.25862E-07  0.29159E-07  0.32023E-07
  0.34374E-07  0.36129E-07  0.37293E-07  0.37854E-07  0.37842E-07  0.37313E-07
  0.36346E-07  0.35025E-07  0.33441E-07  0.31100E-07  0.28944E-07  0.26878E-07
  0.24913E-07  0.23043E-07  0.21191E-07  0.19521E-07  0.17961E-07  0.16511E-07
  0.15167E-07  0.13924E-07  0.12778E-07  0.11725E-07  0.10757E-07  0.98703E-08
  0.90585E-08  0.83163E-08  0.76383E-08  0.70192E-08  0.64546E-08  0.59412E-08

  0.47625E-97  0.36534E-78  0.83249E-63  0.45859E-51  0.80796E-42  0.15510E-34
  0.82994E-29  0.26575E-24  0.95028E-21  0.60180E-18  0.97280E-16  0.53660E-14
  0.12700E-12  0.15622E-11  0.11383E-10  0.54994E-10  0.19260E-09  0.52515E-09
  0.11791E-08  0.22758E-08  0.39372E-08  0.63183E-08  0.93450E-08  0.12883E-07
  0.16757E-07  0.20762E-07  0.24709E-07  0.28415E-07  0.31759E-07  0.34628E-07
  0.36949E-07  0.38622E-07  0.39697E-07  0.40154E-07  0.40029E-07  0.39369E-07
  0.38278E-07  0.36827E-07  0.35121E-07  0.32663E-07  0.30394E-07  0.28221E-07
  0.26155E-07  0.24152E-07  0.22178E-07  0.20409E-07  0.18757E-07  0.17222E-07
  0.15800E-07  0.14488E-07  0.13280E-07  0.12172E-07  0.11156E-07  0.10229E-07
  0.93817E-08  0.86096E-08  0.79065E-08  0.72674E-08  0.66889E-08  0.61684E-08

  0.86005E-97  0.47951E-77  0.38341E-62  0.21153E-50  0.36792E-41  0.68110E-34
  0.34141E-28  0.99879E-24  0.32154E-20  0.18240E-17  0.26477E-15  0.13202E-13
  0.28564E-12  0.32748E-11  0.22358E-10  0.10154E-09  0.33476E-09  0.85996E-09
  0.18210E-08  0.33214E-08  0.55127E-08  0.85151E-08  0.12169E-07  0.16287E-07
  0.20654E-07  0.25047E-07  0.29268E-07  0.33144E-07  0.36563E-07  0.39429E-07
  0.41685E-07  0.43237E-07  0.44160E-07  0.44440E-07  0.44122E-07  0.43203E-07
  0.41886E-07  0.40192E-07  0.38256E-07  0.35576E-07  0.33095E-07  0.30720E-07
  0.28462E-07  0.26178E-07  0.23993E-07  0.22035E-07  0.20210E-07  0.18515E-07
  0.16948E-07  0.15504E-07  0.14178E-07  0.12965E-07  0.11858E-07  0.10851E-07
  0.99359E-08  0.91077E-08  0.83600E-08  0.76874E-08  0.70848E-08  0.65470E-08

  0.11463E-96  0.17386E-76  0.14453E-61  0.81147E-50  0.14255E-40  0.26194E-33
  0.12717E-27  0.35283E-23  0.10620E-19  0.55922E-17  0.75065E-15  0.34538E-13
  0.69076E-12  0.73814E-11  0.47053E-10  0.20006E-09  0.61933E-09  0.14984E-08
  0.29965E-08  0.51752E-08  0.82582E-08  0.12273E-07  0.16940E-07  0.21992E-07
  0.27160E-07  0.32191E-07  0.36880E-07  0.41064E-07  0.44644E-07  0.47549E-07
  0.49742E-07  0.51161E-07  0.51886E-07  0.51924E-07  0.51332E-07  0.50018E-07
  0.48353E-07  0.46276E-07  0.43969E-07  0.40924E-07  0.38085E-07  0.35362E-07
  0.32771E-07  0.29948E-07  0.27393E-07  0.25092E-07  0.22947E-07  0.20957E-07
  0.19118E-07  0.17428E-07  0.15879E-07  0.14466E-07  0.13181E-07  0.12017E-07
  0.10967E-07  0.10022E-07  0.91762E-08  0.84209E-08  0.77481E-08  0.71502E-08

  0.66232E-92  0.53719E-76  0.42766E-61  0.24570E-49  0.43989E-40  0.81617E-33
  0.39467E-27  0.10765E-22  0.31427E-19  0.15790E-16  0.19852E-14  0.84261E-13
  0.15441E-11  0.15084E-10  0.88384E-10  0.34868E-09  0.10122E-08  0.23182E-08
  0.44223E-08  0.73292E-08  0.11356E-07  0.16426E-07  0.22145E-07  0.28182E-07
  0.34221E-07  0.39984E-07  0.45255E-07  0.49879E-07  0.53764E-07  0.56855E-07
  0.59132E-07  0.60569E-07  0.61232E-07  0.61152E-07  0.60398E-07  0.58861E-07
  0.56952E-07  0.54596E-07  0.51991E-07  0.48629E-07  0.45459E-07  0.42396E-07
  0.39457E-07  0.35915E-07  0.32897E-07  0.30142E-07  0.27554E-07  0.25138E-07
  0.22896E-07  0.20824E-07  0.18920E-07  0.17178E-07  0.15592E-07  0.14154E-07
  0.12858E-07  0.11695E-07  0.10657E-07  0.97361E-08  0.89238E-08  0.82133E-08

  0.13518E-96  0.11221E-75  0.94879E-61  0.56070E-49  0.10338E-39  0.19663E-32
  0.96819E-27  0.26619E-22  0.76751E-19  0.36784E-16  0.42505E-14  0.16252E-12
  0.26843E-11  0.23765E-10  0.12854E-09  0.47652E-09  0.13194E-08  0.29146E-08
  0.54055E-08  0.87582E-08  0.13357E-07  0.19061E-07  0.25416E-07  0.32058E-07
  0.38648E-07  0.44895E-07  0.50580E-07  0.55548E-07  0.59711E-07  0.63019E-07
  0.65461E-07  0.67030E-07  0.67778E-07  0.67750E-07  0.67020E-07  0.65558E-07
  0.63656E-07  0.61312E-07  0.58689E-07  0.55291E-07  0.52068E-07  0.48936E-07
  0.45910E-07  0.41894E-07  0.38627E-07  0.35603E-07  0.32731E-07  0.30019E-07
  0.27472E-07  0.25092E-07  0.22879E-07  0.20831E-07  0.18945E-07  0.17217E-07
  0.15643E-07  0.14219E-07  0.12938E-07  0.11798E-07  0.10792E-07  0.99178E-08

  0.13889E-96  0.17313E-75  0.15139E-60  0.91751E-49  0.17397E-39  0.34163E-32
  0.17307E-26  0.48526E-22  0.13907E-18  0.63280E-16  0.66809E-14  0.23195E-12
  0.35332E-11  0.29280E-10  0.15114E-09  0.54233E-09  0.14678E-08  0.31899E-08
  0.58452E-08  0.93833E-08  0.14219E-07  0.20186E-07  0.26805E-07  0.33700E-07
  0.40524E-07  0.46984E-07  0.52855E-07  0.57987E-07  0.62288E-07  0.65716E-07
  0.68256E-07  0.69917E-07  0.70738E-07  0.70772E-07  0.70093E-07  0.68740E-07
  0.66903E-07  0.64643E-07  0.62092E-07  0.58762E-07  0.55606E-07  0.52538E-07
  0.49573E-07  0.45398E-07  0.42100E-07  0.39030E-07  0.36099E-07  0.33315E-07
  0.30683E-07  0.28207E-07  0.25886E-07  0.23720E-07  0.21706E-07  0.19841E-07
  0.18122E-07  0.16545E-07  0.15109E-07  0.13811E-07  0.12648E-07  0.11620E-07

  0.14172E-96  0.20523E-75  0.19074E-60  0.11597E-48  0.22250E-39  0.44373E-32
  0.22991E-26  0.65446E-22  0.18694E-18  0.81951E-16  0.81629E-14  0.26850E-12
  0.39303E-11  0.31628E-10  0.16015E-09  0.56743E-09  0.15226E-08  0.32894E-08
  0.60019E-08  0.96051E-08  0.14524E-07  0.20584E-07  0.27297E-07  0.34282E-07
  0.41189E-07  0.47724E-07  0.53663E-07  0.58853E-07  0.63207E-07  0.66679E-07
  0.69259E-07  0.70956E-07  0.71809E-07  0.71870E-07  0.71216E-07  0.69914E-07
  0.68112E-07  0.65896E-07  0.63386E-07  0.60098E-07  0.56985E-07  0.53962E-07
  0.51044E-07  0.46828E-07  0.43543E-07  0.40482E-07  0.37555E-07  0.34772E-07
  0.32136E-07  0.29652E-07  0.27318E-07  0.25133E-07  0.23094E-07  0.21197E-07
  0.19440E-07  0.17817E-07  0.16325E-07  0.14962E-07  0.13723E-07  0.12609E-07

  0.17223E-96  0.24240E-75  0.20322E-60  0.12388E-48  0.25099E-39  0.49802E-32
  0.25773E-26  0.73728E-22  0.21028E-18  0.90515E-16  0.87849E-14  0.28273E-12
  0.40761E-11  0.32456E-10  0.16324E-09  0.57583E-09  0.15404E-08  0.33215E-08
  0.60522E-08  0.96752E-08  0.14621E-07  0.20711E-07  0.27454E-07  0.34468E-07
  0.41407E-07  0.47968E-07  0.53933E-07  0.59146E-07  0.63518E-07  0.67004E-07
  0.69596E-07  0.71305E-07  0.72168E-07  0.72237E-07  0.71591E-07  0.70307E-07
  0.68517E-07  0.66317E-07  0.63823E-07  0.60550E-07  0.57455E-07  0.54449E-07
  0.51550E-07  0.47324E-07  0.44046E-07  0.40992E-07  0.38071E-07  0.35293E-07
  0.32661E-07  0.30179E-07  0.27846E-07  0.25660E-07  0.23619E-07  0.21718E-07
  0.19952E-07  0.18318E-07  0.16810E-07  0.15425E-07  0.14159E-07  0.13010E-07

  0.52356E-10  0.25642E-10  0.13680E-10  0.79149E-11  0.49236E-11  0.32588E-11
  0.22711E-11  0.16504E-11  0.12399E-11  0.95613E-12  0.75224E-12  0.60089E-12
  0.48543E-12  0.39532E-12  0.32371E-12  0.26597E-12  0.21890E-12  0.18023E-12
  0.14826E-12  0.12174E-12  0.99706E-13  0.81386E-13  0.66177E-13  0.53581E-13
  0.43183E-13  0.34634E-13  0.27638E-13  0.21943E-13  0.17333E-13  0.13622E-13
  0.10653E-13  0.82906E-14  0.64222E-14  0.49526E-14  0.38031E-14  0.29086E-14
  0.22159E-14  0.16821E-14  0.12726E-14  0.95964E-15  0.72149E-15  0.54091E-15
  0.40446E-15  0.30168E-15  0.22450E-15  0.16671E-15  0.12355E-15  0.91388E-16
  0.67482E-16  0.49749E-16  0.36619E-16  0.26917E-16  0.19758E-16  0.14485E-16
  0.10607E-16  0.77585E-17  0.56690E-17  0.41382E-17  0.30179E-17  0.21990E-17

  0.11948E-09  0.52269E-10  0.24965E-10  0.13038E-10  0.74051E-11  0.45322E-11
  0.29574E-11  0.20356E-11  0.14634E-11  0.10891E-11  0.83299E-12  0.65065E-12
  0.51641E-12  0.41475E-12  0.33594E-12  0.27368E-12  0.22375E-12  0.18327E-12
  0.15015E-12  0.12290E-12  0.10041E-12  0.81798E-13  0.66412E-13  0.53709E-13
  0.43248E-13  0.34662E-13  0.27645E-13  0.21940E-13  0.17325E-13  0.13613E-13
  0.10643E-13  0.82821E-14  0.64149E-14  0.49467E-14  0.37983E-14  0.29048E-14
  0.22130E-14  0.16799E-14  0.12709E-14  0.95836E-15  0.72053E-15  0.54020E-15
  0.40393E-15  0.30129E-15  0.22422E-15  0.16650E-15  0.12339E-15  0.91273E-16
  0.67397E-16  0.49685E-16  0.36571E-16  0.26880E-16  0.19730E-16  0.14464E-16
  0.10591E-16  0.77457E-17  0.56591E-17  0.41304E-17  0.30119E-17  0.21943E-17

  0.30451E-09  0.12007E-09  0.51331E-10  0.24028E-10  0.12319E-10  0.68805E-11
  0.41475E-11  0.26699E-11  0.18158E-11  0.12916E-11  0.95244E-12  0.72255E-12
  0.56034E-12  0.44186E-12  0.35278E-12  0.28417E-12  0.23029E-12  0.18732E-12
  0.15265E-12  0.12442E-12  0.10132E-12  0.82332E-13  0.66714E-13  0.53870E-13
  0.43326E-13  0.34693E-13  0.27651E-13  0.21932E-13  0.17312E-13  0.13598E-13
  0.10630E-13  0.82699E-14  0.64047E-14  0.49383E-14  0.37917E-14  0.28996E-14
  0.22090E-14  0.16768E-14  0.12686E-14  0.95664E-15  0.71926E-15  0.53926E-15
  0.40324E-15  0.30079E-15  0.22385E-15  0.16623E-15  0.12320E-15  0.91131E-16
  0.67292E-16  0.49606E-16  0.36512E-16  0.26836E-16  0.19696E-16  0.14438E-16
  0.10571E-16  0.77304E-17  0.56473E-17  0.41213E-17  0.30048E-17  0.21888E-17

  0.84906E-09  0.30793E-09  0.11906E-09  0.49981E-10  0.22960E-10  0.11576E-10
  0.63623E-11  0.37794E-11  0.24008E-11  0.16134E-11  0.11356E-11  0.82967E-12
  0.62426E-12  0.48056E-12  0.37645E-12  0.29872E-12  0.23925E-12  0.19283E-12
  0.15601E-12  0.12646E-12  0.10253E-12  0.83033E-13  0.67106E-13  0.54075E-13
  0.43423E-13  0.34728E-13  0.27653E-13  0.21918E-13  0.17291E-13  0.13576E-13
  0.10609E-13  0.82523E-14  0.63900E-14  0.49265E-14  0.37823E-14  0.28923E-14
  0.22034E-14  0.16726E-14  0.12654E-14  0.95426E-15  0.71750E-15  0.53797E-15
  0.40231E-15  0.30011E-15  0.22336E-15  0.16588E-15  0.12294E-15  0.90944E-16
  0.67154E-16  0.49505E-16  0.36437E-16  0.26779E-16  0.19654E-16  0.14406E-16
  0.10546E-16  0.77117E-17  0.56329E-17  0.41102E-17  0.29962E-17  0.21821E-17

  0.25129E-08  0.86181E-09  0.30776E-09  0.11705E-09  0.48142E-10  0.21816E-10
  0.10827E-10  0.58622E-11  0.34328E-11  0.21519E-11  0.14289E-11  0.99510E-12
  0.72010E-12  0.53722E-12  0.41042E-12  0.31928E-12  0.25174E-12  0.20041E-12
  0.16059E-12  0.12920E-12  0.10414E-12  0.83959E-13  0.67616E-13  0.54338E-13
  0.43542E-13  0.34766E-13  0.27649E-13  0.21894E-13  0.17260E-13  0.13544E-13
  0.10580E-13  0.82270E-14  0.63690E-14  0.49096E-14  0.37689E-14  0.28819E-14
  0.21955E-14  0.16666E-14  0.12608E-14  0.95090E-15  0.71501E-15  0.53615E-15
  0.40098E-15  0.29915E-15  0.22267E-15  0.16538E-15  0.12258E-15  0.90684E-16
  0.66967E-16  0.49369E-16  0.36337E-16  0.26706E-16  0.19600E-16  0.14365E-16
  0.10515E-16  0.76884E-17  0.56152E-17  0.40968E-17  0.29860E-17  0.21743E-17

  0.76633E-08  0.25531E-08  0.86627E-09  0.30516E-09  0.11373E-09  0.46417E-10
  0.20665E-10  0.10073E-10  0.53678E-11  0.30987E-11  0.19178E-11  0.12588E-11
  0.86744E-12  0.62178E-12  0.45992E-12  0.34865E-12  0.26930E-12  0.21094E-12
  0.16688E-12  0.13291E-12  0.10630E-12  0.85182E-13  0.68278E-13  0.54671E-13
  0.43685E-13  0.34804E-13  0.27633E-13  0.21853E-13  0.17211E-13  0.13496E-13
  0.10536E-13  0.81899E-14  0.63385E-14  0.48851E-14  0.37498E-14  0.28671E-14
  0.21841E-14  0.16579E-14  0.12544E-14  0.94609E-15  0.71146E-15  0.53354E-15
  0.39907E-15  0.29776E-15  0.22166E-15  0.16466E-15  0.12206E-15  0.90313E-16
  0.66701E-16  0.49178E-16  0.36200E-16  0.26606E-16  0.19527E-16  0.14312E-16
  0.10476E-16  0.76590E-17  0.55930E-17  0.40798E-17  0.29728E-17  0.21641E-17

  0.23553E-07  0.77693E-08  0.25682E-08  0.86031E-09  0.29700E-09  0.11034E-09
  0.44150E-10  0.19266E-10  0.92816E-11  0.48912E-11  0.27907E-11  0.17061E-11
  0.11064E-11  0.75385E-12  0.53485E-12  0.39196E-12  0.29462E-12  0.22581E-12
  0.17560E-12  0.13798E-12  0.10919E-12  0.86783E-13  0.69118E-13  0.55072E-13
  0.43839E-13  0.34825E-13  0.27588E-13  0.21781E-13  0.17131E-13  0.13420E-13
  0.10470E-13  0.81344E-14  0.62934E-14  0.48492E-14  0.37217E-14  0.28454E-14
  0.21676E-14  0.16455E-14  0.12450E-14  0.93914E-15  0.70632E-15  0.52976E-15
  0.39631E-15  0.29576E-15  0.22021E-15  0.16361E-15  0.12131E-15  0.89775E-16
  0.66317E-16  0.48904E-16  0.36004E-16  0.26466E-16  0.19426E-16  0.14239E-16
  0.10422E-16  0.76194E-17  0.55635E-17  0.40579E-17  0.29566E-17  0.21522E-17

  0.71856E-07  0.23746E-07  0.77894E-08  0.25469E-08  0.83993E-09  0.29158E-09
  0.10670E-09  0.41932E-10  0.18186E-10  0.86474E-11  0.44778E-11  0.25079E-11
  0.15072E-11  0.96405E-12  0.64904E-12  0.45563E-12  0.33072E-12  0.24645E-12
  0.18739E-12  0.14466E-12  0.11289E-12  0.88746E-13  0.70087E-13  0.55480E-13
  0.43942E-13  0.34774E-13  0.27467E-13  0.21638E-13  0.16991E-13  0.13294E-13
  0.10361E-13  0.80457E-14  0.62223E-14  0.47932E-14  0.36782E-14  0.28123E-14
  0.21424E-14  0.16266E-14  0.12310E-14  0.92873E-15  0.69866E-15  0.52415E-15
  0.39222E-15  0.29278E-15  0.21806E-15  0.16206E-15  0.12020E-15  0.88981E-16
  0.65751E-16  0.48501E-16  0.35719E-16  0.26263E-16  0.19282E-16  0.14136E-16
  0.10349E-16  0.75667E-17  0.55256E-17  0.40303E-17  0.29363E-17  0.21367E-17

  0.21489E-06  0.71755E-07  0.23656E-07  0.76985E-08  0.24875E-08  0.82631E-09
  0.28104E-09  0.10015E-09  0.38939E-10  0.16555E-10  0.77000E-11  0.39098E-11
  0.21568E-11  0.12877E-11  0.81722E-12  0.54575E-12  0.37991E-12  0.27351E-12
  0.20224E-12  0.15267E-12  0.11705E-12  0.90763E-13  0.70919E-13  0.55681E-13
  0.43828E-13  0.34521E-13  0.27172E-13  0.21349E-13  0.16732E-13  0.13074E-13
  0.10180E-13  0.78998E-14  0.61069E-14  0.47032E-14  0.36088E-14  0.27599E-14
  0.21029E-14  0.15972E-14  0.12091E-14  0.91256E-15  0.68677E-15  0.51545E-15
  0.38588E-15  0.28819E-15  0.21474E-15  0.15967E-15  0.11849E-15  0.87757E-16
  0.64879E-16  0.47882E-16  0.35280E-16  0.25954E-16  0.19063E-16  0.13981E-16
  0.10239E-16  0.74886E-17  0.54693E-17  0.39891E-17  0.29056E-17  0.21137E-17

  0.62060E-06  0.21143E-06  0.70728E-07  0.23204E-07  0.74721E-08  0.24235E-08
  0.78307E-09  0.25893E-09  0.92055E-10  0.35514E-10  0.14940E-10  0.68584E-11
  0.34371E-11  0.18909E-11  0.11129E-11  0.69506E-12  0.45678E-12  0.31347E-12
  0.22296E-12  0.16320E-12  0.12215E-12  0.92973E-13  0.71619E-13  0.55624E-13
  0.43426E-13  0.33995E-13  0.26635E-13  0.20858E-13  0.16307E-13  0.12719E-13
  0.98923E-14  0.76702E-14  0.59264E-14  0.45630E-14  0.35009E-14  0.26786E-14
  0.20417E-14  0.15515E-14  0.11753E-14  0.88758E-15  0.66843E-15  0.50204E-15
  0.37612E-15  0.28111E-15  0.20962E-15  0.15599E-15  0.11584E-15  0.85861E-16
  0.63526E-16  0.46920E-16  0.34598E-16  0.25471E-16  0.18722E-16  0.13741E-16
  0.10070E-16  0.73686E-17  0.53842E-17  0.39286E-17  0.28625E-17  0.20831E-17

  0.16808E-05  0.59473E-06  0.20462E-06  0.68478E-07  0.22291E-07  0.72103E-08
  0.22828E-08  0.72738E-09  0.24513E-09  0.87940E-10  0.33682E-10  0.13845E-10
  0.61761E-11  0.30436E-11  0.16188E-11  0.92616E-12  0.56611E-12  0.36660E-12
  0.24917E-12  0.17608E-12  0.12836E-12  0.95763E-13  0.72646E-13  0.55763E-13
  0.43141E-13  0.33536E-13  0.26133E-13  0.20377E-13  0.15878E-13  0.12352E-13
  0.95871E-14  0.74209E-14  0.57262E-14  0.44042E-14  0.33762E-14  0.25818E-14
  0.19671E-14  0.14945E-14  0.11320E-14  0.85492E-15  0.64395E-15  0.48381E-15
  0.36261E-15  0.27114E-15  0.20231E-15  0.15065E-15  0.11196E-15  0.83057E-16
  0.61506E-16  0.45471E-16  0.33563E-16  0.24734E-16  0.18200E-16  0.13372E-16
  0.98100E-17  0.71862E-17  0.52562E-17  0.38389E-17  0.27996E-17  0.20386E-17

  0.42664E-05  0.15705E-05  0.56401E-06  0.19443E-06  0.64834E-07  0.21270E-07
  0.67541E-08  0.21289E-08  0.69322E-09  0.23143E-09  0.79271E-10  0.28495E-10
  0.11113E-10  0.48358E-11  0.23165E-11  0.12181E-11  0.69671E-12  0.42846E-12
  0.27982E-12  0.19178E-12  0.13679E-12  0.10040E-12  0.75193E-13  0.57132E-13
  0.43838E-13  0.33850E-13  0.26231E-13  0.20358E-13  0.15801E-13  0.12250E-13
  0.94793E-14  0.73177E-14  0.56331E-14  0.43232E-14  0.33076E-14  0.25240E-14
  0.19196E-14  0.14558E-14  0.11009E-14  0.83019E-15  0.62446E-15  0.46857E-15
  0.35079E-15  0.26201E-15  0.19532E-15  0.14533E-15  0.10794E-15  0.80031E-16
  0.59246E-16  0.43792E-16  0.32322E-16  0.23823E-16  0.17535E-16  0.12889E-16
  0.94612E-17  0.69355E-17  0.50768E-17  0.37107E-17  0.27080E-17  0.19729E-17

  0.95201E-05  0.37527E-05  0.14489E-05  0.52150E-06  0.18005E-06  0.60845E-07
  0.19687E-07  0.62291E-08  0.19745E-08  0.61020E-09  0.18544E-09  0.58553E-10
  0.20307E-10  0.79712E-11  0.35066E-11  0.17171E-11  0.92494E-12  0.54068E-12
  0.33842E-12  0.22393E-12  0.15596E-12  0.11240E-12  0.82898E-13  0.62166E-13
  0.47167E-13  0.36068E-13  0.27714E-13  0.21350E-13  0.16462E-13  0.12689E-13
  0.97673E-14  0.75041E-14  0.57515E-14  0.43966E-14  0.33515E-14  0.25480E-14
  0.19315E-14  0.14603E-14  0.11010E-14  0.82789E-15  0.62107E-15  0.46488E-15
  0.34722E-15  0.25868E-15  0.19242E-15  0.14287E-15  0.10590E-15  0.78373E-16
  0.57914E-16  0.42735E-16  0.31492E-16  0.23178E-16  0.17038E-16  0.12510E-16
  0.91742E-17  0.67201E-17  0.49166E-17  0.35926E-17  0.26215E-17  0.19102E-17

  0.17771E-04  0.77235E-05  0.33885E-05  0.12916E-05  0.46859E-06  0.16476E-06
  0.55242E-07  0.17811E-07  0.56022E-08  0.16488E-08  0.46419E-09  0.13546E-09
  0.43759E-10  0.16073E-10  0.66437E-11  0.30612E-11  0.15522E-11  0.85514E-12
  0.50582E-12  0.31769E-12  0.21326E-12  0.14921E-12  0.10713E-12  0.78409E-13
  0.58196E-13  0.43625E-13  0.32924E-13  0.24956E-13  0.18961E-13  0.14420E-13
  0.10965E-13  0.83304E-14  0.63193E-14  0.47848E-14  0.36154E-14  0.27260E-14
  0.20509E-14  0.15398E-14  0.11536E-14  0.86195E-15  0.64307E-15  0.47897E-15
  0.35615E-15  0.26403E-15  0.19561E-15  0.14472E-15  0.10691E-15  0.78878E-16
  0.58120E-16  0.42772E-16  0.31441E-16  0.23086E-16  0.16933E-16  0.12408E-16
  0.90827E-17  0.66421E-17  0.48526E-17  0.35417E-17  0.25823E-17  0.18807E-17

  0.30468E-04  0.14364E-04  0.64360E-05  0.27164E-05  0.11235E-05  0.41667E-06
  0.14573E-06  0.48716E-07  0.15624E-07  0.45703E-08  0.12591E-08  0.35839E-09
  0.11286E-09  0.40316E-10  0.16146E-10  0.71705E-11  0.34833E-11  0.18290E-11
  0.10267E-11  0.61049E-12  0.39290E-12  0.26503E-12  0.18362E-12  0.12983E-12
  0.93230E-13  0.67711E-13  0.49590E-13  0.36529E-13  0.27013E-13  0.20023E-13
  0.14860E-13  0.11031E-13  0.81863E-14  0.60703E-14  0.44968E-14  0.33274E-14
  0.24595E-14  0.18162E-14  0.13399E-14  0.98592E-15  0.72564E-15  0.53393E-15
  0.39271E-15  0.28757E-15  0.21098E-15  0.15473E-15  0.11342E-15  0.83087E-16
  0.60830E-16  0.44508E-16  0.32545E-16  0.23784E-16  0.17370E-16  0.12679E-16
  0.92484E-17  0.67421E-17  0.49119E-17  0.35763E-17  0.26021E-17  0.18920E-17

  0.15830E+26  0.91904E+17  0.74096E+17  0.87472E+14  0.41030E+12  0.57320E+10
  0.18954E+09  0.12351E+08  0.13699E+07  0.23005E+06  0.53310E+05  0.15846E+05
  0.59063E+04  0.25143E+04  0.12105E+04  0.64434E+03  0.37312E+03  0.23233E+03
  0.15433E+03  0.10865E+03  0.83912E+02  0.68562E+02  0.57969E+02  0.50450E+02
  0.44966E+02  0.40872E+02  0.37751E+02  0.35333E+02  0.33434E+02  0.31934E+02
  0.30749E+02  0.29822E+02  0.29110E+02  0.28583E+02  0.28215E+02  0.27988E+02
  0.27884E+02  0.27889E+02  0.27991E+02  0.28420E+02  0.28843E+02  0.29303E+02
  0.29800E+02  0.29596E+02  0.29764E+02  0.29966E+02  0.30150E+02  0.30319E+02
  0.30473E+02  0.30614E+02  0.30743E+02  0.30859E+02  0.30965E+02  0.31061E+02
  0.31147E+02  0.31226E+02  0.31297E+02  0.31365E+02  0.31430E+02  0.31498E+02

  0.62187E+25  0.45977E+17  0.35609E+17  0.45794E+14  0.23113E+12  0.34384E+10
  0.12009E+09  0.82211E+07  0.95502E+06  0.16777E+06  0.40653E+05  0.12626E+05
  0.48797E+04  0.21561E+04  0.10726E+04  0.58684E+03  0.34750E+03  0.22020E+03
  0.14826E+03  0.10544E+03  0.82032E+02  0.67332E+02  0.57100E+02  0.49808E+02
  0.44472E+02  0.40477E+02  0.37427E+02  0.35058E+02  0.33197E+02  0.31724E+02
  0.30560E+02  0.29649E+02  0.28950E+02  0.28431E+02  0.28071E+02  0.27848E+02
  0.27747E+02  0.27754E+02  0.27856E+02  0.28280E+02  0.28700E+02  0.29155E+02
  0.29647E+02  0.29441E+02  0.29615E+02  0.29816E+02  0.29999E+02  0.30166E+02
  0.30316E+02  0.30453E+02  0.30575E+02  0.30684E+02  0.30781E+02  0.30865E+02
  0.30939E+02  0.31003E+02  0.31059E+02  0.31107E+02  0.31153E+02  0.31199E+02

  0.45962E+17  0.60253E+20  0.15215E+17  0.21566E+14  0.11901E+12  0.19108E+10
  0.71272E+08  0.51667E+07  0.63197E+06  0.11652E+06  0.29586E+05  0.96226E+04
  0.38680E+04  0.17809E+04  0.91978E+03  0.52003E+03  0.31651E+03  0.20508E+03
  0.14049E+03  0.10124E+03  0.79533E+02  0.65667E+02  0.55909E+02  0.48922E+02
  0.43782E+02  0.39924E+02  0.36968E+02  0.34668E+02  0.32858E+02  0.31425E+02
  0.30291E+02  0.29403E+02  0.28722E+02  0.28218E+02  0.27867E+02  0.27652E+02
  0.27557E+02  0.27567E+02  0.27671E+02  0.28092E+02  0.28508E+02  0.28961E+02
  0.29449E+02  0.29244E+02  0.29425E+02  0.29627E+02  0.29810E+02  0.29975E+02
  0.30123E+02  0.30254E+02  0.30370E+02  0.30471E+02  0.30557E+02  0.30629E+02
  0.30689E+02  0.30737E+02  0.30775E+02  0.30805E+02  0.30827E+02  0.30846E+02

  0.66588E+24  0.46063E+17  0.50548E+16  0.89185E+13  0.54570E+11  0.95962E+09
  0.38773E+08  0.30116E+07  0.39127E+06  0.76169E+05  0.20349E+05  0.69518E+04
  0.29168E+04  0.14046E+04  0.75682E+03  0.44465E+03  0.27982E+03  0.18642E+03
  0.13059E+03  0.95740E+02  0.76180E+02  0.63378E+02  0.54243E+02  0.47656E+02
  0.42779E+02  0.39107E+02  0.36282E+02  0.34081E+02  0.32345E+02  0.30969E+02
  0.29880E+02  0.29028E+02  0.28375E+02  0.27893E+02  0.27560E+02  0.27359E+02
  0.27273E+02  0.27291E+02  0.27400E+02  0.27817E+02  0.28232E+02  0.28682E+02
  0.29167E+02  0.28967E+02  0.29160E+02  0.29365E+02  0.29551E+02  0.29717E+02
  0.29864E+02  0.29993E+02  0.30104E+02  0.30197E+02  0.30274E+02  0.30335E+02
  0.30380E+02  0.30411E+02  0.30427E+02  0.30433E+02  0.30430E+02  0.30424E+02

  0.18890E+24  0.90537E+17  0.17859E+16  0.31693E+13  0.21699E+11  0.42304E+09
  0.18799E+08  0.15884E+07  0.22191E+06  0.46051E+05  0.13034E+05  0.47006E+04
  0.20686E+04  0.10464E+04  0.59107E+03  0.36297E+03  0.23770E+03  0.16390E+03
  0.11809E+03  0.88531E+02  0.71616E+02  0.60150E+02  0.51824E+02  0.45758E+02
  0.41233E+02  0.37814E+02  0.35172E+02  0.33115E+02  0.31491E+02  0.30205E+02
  0.29189E+02  0.28397E+02  0.27793E+02  0.27351E+02  0.27051E+02  0.26875E+02
  0.26810E+02  0.26844E+02  0.26966E+02  0.27384E+02  0.27799E+02  0.28249E+02
  0.28734E+02  0.28544E+02  0.28759E+02  0.28973E+02  0.29166E+02  0.29339E+02
  0.29492E+02  0.29624E+02  0.29735E+02  0.29826E+02  0.29896E+02  0.29947E+02
  0.29979E+02  0.29994E+02  0.29994E+02  0.29981E+02  0.29954E+02  0.29916E+02

  0.52479E+23  0.17457E+19  0.49427E+15  0.94707E+12  0.72185E+10  0.15726E+09
  0.78135E+07  0.73322E+06  0.11208E+06  0.25137E+05  0.76189E+04  0.29249E+04
  0.13597E+04  0.72633E+03  0.43239E+03  0.27914E+03  0.19147E+03  0.13756E+03
  0.10260E+03  0.79061E+02  0.65239E+02  0.55388E+02  0.48079E+02  0.42684E+02
  0.38630E+02  0.35558E+02  0.33186E+02  0.31352E+02  0.29908E+02  0.28775E+02
  0.27888E+02  0.27208E+02  0.26699E+02  0.26337E+02  0.26104E+02  0.25985E+02
  0.25968E+02  0.26041E+02  0.26195E+02  0.26627E+02  0.27055E+02  0.27515E+02
  0.28007E+02  0.27846E+02  0.28100E+02  0.28334E+02  0.28549E+02  0.28741E+02
  0.28912E+02  0.29060E+02  0.29183E+02  0.29283E+02  0.29358E+02  0.29410E+02
  0.29438E+02  0.29444E+02  0.29426E+02  0.29385E+02  0.29324E+02  0.29249E+02

  0.16146E+23  0.53553E+18  0.11539E+15  0.23576E+12  0.19643E+10  0.47609E+08
  0.26605E+07  0.28132E+06  0.47779E+05  0.11765E+05  0.38791E+04  0.16084E+04
  0.80058E+03  0.45577E+03  0.28829E+03  0.19715E+03  0.14269E+03  0.10752E+03
  0.83452E+02  0.66341E+02  0.55852E+02  0.47852E+02  0.41791E+02  0.37274E+02
  0.33887E+02  0.31341E+02  0.29406E+02  0.27941E+02  0.26813E+02  0.25952E+02
  0.25302E+02  0.24837E+02  0.24509E+02  0.24305E+02  0.24210E+02  0.24210E+02
  0.24295E+02  0.24458E+02  0.24688E+02  0.25168E+02  0.25641E+02  0.26139E+02
  0.26664E+02  0.26585E+02  0.26910E+02  0.27196E+02  0.27460E+02  0.27701E+02
  0.27917E+02  0.28107E+02  0.28270E+02  0.28403E+02  0.28506E+02  0.28578E+02
  0.28618E+02  0.28626E+02  0.28605E+02  0.28559E+02  0.28494E+02  0.28413E+02

  0.63194E+22  0.20500E+18  0.23930E+14  0.50439E+11  0.44364E+09  0.11614E+08
  0.71604E+06  0.84829E+05  0.16165E+05  0.44572E+04  0.16385E+04  0.75249E+03
  0.41037E+03  0.25250E+03  0.17156E+03  0.12522E+03  0.95948E+02  0.75707E+02
  0.60777E+02  0.49455E+02  0.41986E+02  0.36026E+02  0.31577E+02  0.28357E+02
  0.26035E+02  0.24364E+02  0.23153E+02  0.22283E+02  0.21652E+02  0.21207E+02
  0.20904E+02  0.20740E+02  0.20664E+02  0.20676E+02  0.20766E+02  0.20933E+02
  0.21161E+02  0.21454E+02  0.21799E+02  0.22351E+02  0.22899E+02  0.23469E+02
  0.24061E+02  0.24173E+02  0.24621E+02  0.25017E+02  0.25389E+02  0.25736E+02
  0.26055E+02  0.26344E+02  0.26600E+02  0.26821E+02  0.27005E+02  0.27148E+02
  0.27252E+02  0.27316E+02  0.27340E+02  0.27327E+02  0.27274E+02  0.27178E+02

  0.34153E+22  0.15283E+17  0.50960E+13  0.10747E+11  0.95929E+08  0.26084E+07
  0.17194E+06  0.22336E+05  0.47413E+04  0.14677E+04  0.60659E+03  0.31234E+03
  0.18923E+03  0.12701E+03  0.93250E+02  0.72479E+02  0.57815E+02  0.46276E+02
  0.37113E+02  0.30287E+02  0.25756E+02  0.22520E+02  0.20384E+02  0.18988E+02
  0.18064E+02  0.17447E+02  0.17029E+02  0.16752E+02  0.16571E+02  0.16464E+02
  0.16415E+02  0.16427E+02  0.16478E+02  0.16573E+02  0.16711E+02  0.16907E+02
  0.17138E+02  0.17422E+02  0.17748E+02  0.18216E+02  0.18706E+02  0.19232E+02
  0.19794E+02  0.20115E+02  0.20645E+02  0.21146E+02  0.21641E+02  0.22123E+02
  0.22589E+02  0.23032E+02  0.23446E+02  0.23827E+02  0.24168E+02  0.24463E+02
  0.24709E+02  0.24900E+02  0.25032E+02  0.25100E+02  0.25102E+02  0.25039E+02

  0.23817E+22  0.39472E+16  0.12745E+13  0.26573E+10  0.23614E+08  0.65009E+06
  0.44450E+05  0.61220E+04  0.14025E+04  0.47554E+03  0.21808E+03  0.12565E+03
  0.85075E+02  0.63091E+02  0.50246E+02  0.40714E+02  0.32121E+02  0.25052E+02
  0.20433E+02  0.17817E+02  0.16347E+02  0.15487E+02  0.14990E+02  0.14692E+02
  0.14507E+02  0.14389E+02  0.14314E+02  0.14268E+02  0.14242E+02  0.14232E+02
  0.14236E+02  0.14253E+02  0.14282E+02  0.14323E+02  0.14377E+02  0.14456E+02
  0.14546E+02  0.14661E+02  0.14798E+02  0.14989E+02  0.15203E+02  0.15450E+02
  0.15731E+02  0.15980E+02  0.16314E+02  0.16666E+02  0.17043E+02  0.17445E+02
  0.17867E+02  0.18304E+02  0.18749E+02  0.19195E+02  0.19632E+02  0.20050E+02
  0.20439E+02  0.20787E+02  0.21083E+02  0.21318E+02  0.21490E+02  0.21598E+02

  0.33704E+17  0.10637E+16  0.36471E+12  0.75475E+09  0.66756E+07  0.18443E+06
  0.12823E+05  0.18245E+04  0.44250E+03  0.16454E+03  0.85607E+02  0.56760E+02
  0.43883E+02  0.36513E+02  0.31148E+02  0.25124E+02  0.19576E+02  0.16439E+02
  0.15041E+02  0.14421E+02  0.14107E+02  0.13939E+02  0.13846E+02  0.13792E+02
  0.13759E+02  0.13738E+02  0.13724E+02  0.13716E+02  0.13711E+02  0.13709E+02
  0.13710E+02  0.13713E+02  0.13718E+02  0.13725E+02  0.13735E+02  0.13749E+02
  0.13766E+02  0.13788E+02  0.13815E+02  0.13852E+02  0.13895E+02  0.13947E+02
  0.14009E+02  0.14078E+02  0.14166E+02  0.14266E+02  0.14383E+02  0.14519E+02
  0.14674E+02  0.14850E+02  0.15048E+02  0.15267E+02  0.15506E+02  0.15762E+02
  0.16028E+02  0.16298E+02  0.16563E+02  0.16813E+02  0.17035E+02  0.17220E+02

  0.10474E+22  0.33298E+15  0.11073E+12  0.22923E+09  0.20238E+07  0.56003E+05
  0.39297E+04  0.57605E+03  0.15156E+03  0.65616E+02  0.41172E+02  0.32327E+02
  0.28455E+02  0.25964E+02  0.22670E+02  0.18105E+02  0.15349E+02  0.14317E+02
  0.13943E+02  0.13791E+02  0.13716E+02  0.13676E+02  0.13655E+02  0.13642E+02
  0.13634E+02  0.13629E+02  0.13626E+02  0.13624E+02  0.13623E+02  0.13622E+02
  0.13621E+02  0.13621E+02  0.13622E+02  0.13623E+02  0.13624E+02  0.13626E+02
  0.13628E+02  0.13631E+02  0.13635E+02  0.13640E+02  0.13645E+02  0.13652E+02
  0.13661E+02  0.13672E+02  0.13684E+02  0.13700E+02  0.13718E+02  0.13740E+02
  0.13766E+02  0.13798E+02  0.13835E+02  0.13878E+02  0.13929E+02  0.13988E+02
  0.14054E+02  0.14127E+02  0.14205E+02  0.14285E+02  0.14364E+02  0.14433E+02

  0.47267E+21  0.10303E+15  0.34144E+11  0.71093E+08  0.62986E+06  0.17440E+05
  0.12371E+04  0.19157E+03  0.58970E+02  0.32218E+02  0.24768E+02  0.22246E+02
  0.21305E+02  0.20682E+02  0.18764E+02  0.15761E+02  0.14233E+02  0.13825E+02
  0.13696E+02  0.13653E+02  0.13632E+02  0.13621E+02  0.13615E+02  0.13611E+02
  0.13609E+02  0.13608E+02  0.13607E+02  0.13606E+02  0.13606E+02  0.13605E+02
  0.13605E+02  0.13605E+02  0.13605E+02  0.13605E+02  0.13605E+02  0.13606E+02
  0.13606E+02  0.13606E+02  0.13607E+02  0.13608E+02  0.13608E+02  0.13609E+02
  0.13610E+02  0.13612E+02  0.13614E+02  0.13616E+02  0.13618E+02  0.13621E+02
  0.13624E+02  0.13628E+02  0.13633E+02  0.13639E+02  0.13646E+02  0.13654E+02
  0.13663E+02  0.13674E+02  0.13686E+02  0.13698E+02  0.13711E+02  0.13722E+02

  0.17181E+21  0.32767E+14  0.10398E+11  0.21994E+08  0.19653E+06  0.54848E+04
  0.39795E+03  0.70038E+02  0.28417E+02  0.20090E+02  0.17853E+02  0.17192E+02
  0.17058E+02  0.17044E+02  0.16508E+02  0.14899E+02  0.14027E+02  0.13750E+02
  0.13663E+02  0.13627E+02  0.13615E+02  0.13608E+02  0.13605E+02  0.13603E+02
  0.13603E+02  0.13602E+02  0.13602E+02  0.13602E+02  0.13602E+02  0.13602E+02
  0.13602E+02  0.13601E+02  0.13601E+02  0.13601E+02  0.13601E+02  0.13602E+02
  0.13602E+02  0.13602E+02  0.13602E+02  0.13602E+02  0.13602E+02  0.13602E+02
  0.13602E+02  0.13603E+02  0.13603E+02  0.13603E+02  0.13604E+02  0.13604E+02
  0.13604E+02  0.13605E+02  0.13606E+02  0.13607E+02  0.13607E+02  0.13609E+02
  0.13610E+02  0.13611E+02  0.13613E+02  0.13615E+02  0.13616E+02  0.13618E+02

  0.47295E+20  0.93409E+13  0.33095E+10  0.70370E+07  0.60077E+05  0.17105E+04
  0.13422E+03  0.31430E+02  0.18348E+02  0.15748E+02  0.15068E+02  0.14891E+02
  0.14890E+02  0.14945E+02  0.14862E+02  0.14339E+02  0.13915E+02  0.13713E+02
  0.13646E+02  0.13622E+02  0.13611E+02  0.13606E+02  0.13603E+02  0.13602E+02
  0.13601E+02  0.13601E+02  0.13601E+02  0.13601E+02  0.13601E+02  0.13600E+02
  0.13600E+02  0.13600E+02  0.13600E+02  0.13600E+02  0.13600E+02  0.13600E+02
  0.13600E+02  0.13600E+02  0.13601E+02  0.13601E+02  0.13601E+02  0.13601E+02
  0.13601E+02  0.13601E+02  0.13601E+02  0.13601E+02  0.13601E+02  0.13601E+02
  0.13601E+02  0.13601E+02  0.13601E+02  0.13601E+02  0.13602E+02  0.13602E+02
  0.13602E+02  0.13602E+02  0.13603E+02  0.13603E+02  0.13603E+02  0.13603E+02

