 -6.489479325079453E-002   99.9999446096481     
 -6.174671836168251E-002  0.312984733395524     
 -5.563410164995351E-002  0.350041082762942     
 -4.976035573960499E-002  0.351032117905305     
 -4.414135799045912E-002  0.353354717570406     
 -3.878984723300544E-002  0.362836158089882     
 -3.371651085282996E-002  0.378133119135654     
 -2.894596137149372E-002  0.398381307472076     
 -2.448068263208932E-002  0.421601474818998     
 -2.033702343551546E-002  0.430418558072166     
 -1.654205937119533E-002  0.403706464042327     
 -1.309843593972091E-002  0.341037840153108     
 -1.001660113994848E-002  0.267972241406527     
 -7.321260556877006E-003  0.209962335291383     
 -5.029613719342074E-003  0.169867170289961     
 -3.153706005680545E-003  0.149100914297127     
 -1.705904730449695E-003  0.139164563979042     
 -6.973156040957912E-004  0.135540281446153     
 -1.409700512729900E-004  0.134952595379286     
  1.409700512729900E-004  0.135146893219599     
  5.367067362250927E-004  0.135920344448059     
  1.244905147213343E-003  0.138703468093616     
  2.259783709072954E-003  0.145723993714189     
  3.575246268870055E-003  0.160696851749288     
  5.184793301189927E-003  0.189911628676618     
  7.082229038018598E-003  0.243304108841271     
  9.261528604466315E-003  0.335333056814340     
  1.171967854369127E-002  0.484548948141804     
  1.446663693934221E-002  0.699391039010831     
  1.749525774837857E-002  0.932364450980312     
  2.078478409935629E-002   1.09491226478097     
  2.433243035136737E-002   1.12968367037682     
  2.815654391574525E-002   1.04194080635141     
  3.225033145591900E-002  0.871207886634155     
  3.658660180459659E-002  0.661235634158825     
  4.118597006091460E-002  0.438643318765595     
  4.604621167945508E-002  0.210032495794914     
