 -6.988999999999999E-002   100.000000000000     
 -6.489000000000000E-002   100.000000000000     
 -6.175000000000000E-002  0.313000000000000     
 -5.563000000000000E-002  0.350000000000000     
 -4.976000000000000E-002  0.351000000000000     
 -4.414000000000000E-002  0.353000000000000     
 -3.879000000000000E-002  0.363000000000000     
 -3.372000000000000E-002  0.378000000000000     
 -2.895000000000000E-002  0.398000000000000     
 -2.448000000000000E-002  0.422000000000000     
 -2.034000000000000E-002  0.430000000000000     
 -1.654000000000000E-002  0.404000000000000     
 -1.310000000000000E-002  0.341000000000000     
 -1.002000000000000E-002  0.268000000000000     
 -7.321000000000000E-003  0.210000000000000     
 -5.030000000000000E-003  0.170000000000000     
 -3.154000000000000E-003  0.149000000000000     
 -1.706000000000000E-003  0.139000000000000     
 -6.973000000000000E-004  0.136000000000000     
 -1.410000000000000E-004  0.135000000000000     
  1.410000000000000E-004  0.135000000000000     
  5.367000000000000E-004  0.136000000000000     
  1.245000000000000E-003  0.139000000000000     
  2.260000000000000E-003  0.146000000000000     
  3.575000000000000E-003  0.161000000000000     
  5.185000000000000E-003  0.190000000000000     
  7.082000000000000E-003  0.243000000000000     
  9.261999999999999E-003  0.335000000000000     
  1.172000000000000E-002  0.485000000000000     
  1.447000000000000E-002  0.699000000000000     
  1.750000000000000E-002  0.932000000000000     
  2.078000000000000E-002   1.09000000000000     
  2.433000000000000E-002   1.13000000000000     
  2.816000000000000E-002   1.04000000000000     
  3.225000000000000E-002  0.871000000000000     
  3.659000000000000E-002  0.661000000000000     
  4.119000000000000E-002  0.439000000000000     
  4.605000000000000E-002  0.210000000000000     
