 -2.425659225032857E-002
 -2.306298273456348E-002
 -2.077239513371579E-002
 -1.862611916488936E-002
 -1.662258775173248E-002
 -1.474534744012978E-002
 -1.298446721582968E-002
 -1.133642784876159E-002
 -9.799187527243843E-003
 -8.384325900243909E-003
 -7.090179188890759E-003
 -5.909087087041850E-003
 -4.836443214116068E-003
 -3.867285761721947E-003
 -2.996739288978437E-003
 -2.220556150968379E-003
 -1.533602016764425E-003
 -9.307061415867283E-004
 -4.069162000069626E-004
  4.069162000069661E-004
  2.320650667576328E-003
  5.723071649345209E-003
  1.056493964137548E-002
  1.683339469056445E-002
  2.460926424486243E-002
  3.385606791254427E-002
  4.440902120711555E-002
  5.634013159285932E-002
  6.973556296457853E-002
  8.446982401605051E-002
  0.100650694765062     
  0.118305459983145     
  0.140474062421714     
  0.173161637724196     
  0.212853490804569     
  0.258251028519473     
  0.310857581398396     
  0.339521690562863     
