    1    2   1.1000000E+11
  120    0    0    0    0    0    0    0    0
   0.0000000E+00   0.0000000E+00   0.0000000E+00   0.0000000E+00
   1.0917727E+00   2.1804013E+00   3.2659122E+00   4.3481724E+00   5.4273306E+00
   6.5033556E+00   7.5762201E+00   8.6459256E+00   9.7124610E+00   1.0775772E+01
   1.1835841E+01   1.2892639E+01   1.3946132E+01   1.4996286E+01   1.6043059E+01
   1.7086414E+01   1.8126307E+01   1.9162694E+01   2.0195530E+01   2.1224766E+01
   2.2250350E+01   2.3272229E+01   2.4290352E+01   2.5304658E+01   2.6315093E+01
   2.7321597E+01   2.8324116E+01   2.9322596E+01   3.0316983E+01   3.1307229E+01
   3.2293283E+01   3.3275101E+01   3.4252638E+01   3.5225851E+01   3.6194701E+01
   3.7159150E+01   3.8119163E+01   3.9074707E+01   4.0025753E+01   4.0972274E+01
   4.1914245E+01   4.2851644E+01   4.3784452E+01   4.4712651E+01   4.5636229E+01
   4.6555174E+01   4.7469477E+01   4.8379130E+01   4.9284131E+01   5.0184477E+01
   5.1080168E+01   5.1971207E+01   5.2857597E+01   5.3739343E+01   5.4616453E+01
   5.5488936E+01   5.6356800E+01   5.7220056E+01   5.8078714E+01   5.8932787E+01
   5.9782286E+01   6.0627224E+01   6.1467612E+01   6.2303463E+01   6.3134789E+01
   6.3961600E+01   6.4783907E+01   6.5601720E+01   6.6415049E+01   6.7223901E+01
   6.8028284E+01   6.8828203E+01   6.9623664E+01   7.0414669E+01   7.1201221E+01
   7.1983321E+01   7.2760968E+01   7.3534160E+01   7.4302893E+01   7.5067162E+01
   7.5826961E+01   7.6582281E+01   7.7333112E+01   7.8079442E+01   7.8821259E+01
   7.9558548E+01   8.0291293E+01   8.1019476E+01   8.1743080E+01   8.2462082E+01
   8.3176462E+01   8.3886195E+01   8.4591256E+01   8.5291619E+01   8.5987255E+01
   8.6678135E+01   8.7364228E+01   8.8045503E+01   8.8721930E+01   8.9393478E+01
   9.0060114E+01   9.0721808E+01   9.1378531E+01   9.2030252E+01   9.2676944E+01
   9.3318581E+01   9.3955138E+01   9.4586592E+01   9.5212920E+01   9.5834102E+01
   9.6450118E+01   9.7060951E+01   9.7666586E+01   9.8267007E+01   9.8862204E+01
   9.9452164E+01   1.0003688E+02   1.0061634E+02   1.0119055E+02   1.0175950E+02
   0.0000000E+00   0.0000000E+00   0.0000000E+00   0.0000000E+00   0.0000000E+00
   0.0000000E+00   0.0000000E+00   0.0000000E+00   0.0000000E+00   0.0000000E+00
   0.0000000E+00   0.0000000E+00   0.0000000E+00   0.0000000E+00   0.0000000E+00
   0.0000000E+00   0.0000000E+00   0.0000000E+00   0.0000000E+00   0.0000000E+00
   0.0000000E+00   0.0000000E+00   0.0000000E+00   0.0000000E+00   0.0000000E+00
   0.0000000E+00   0.0000000E+00   0.0000000E+00   0.0000000E+00   0.0000000E+00
   0.0000000E+00   0.0000000E+00   0.0000000E+00   0.0000000E+00   0.0000000E+00
   0.0000000E+00   0.0000000E+00   0.0000000E+00   0.0000000E+00   0.0000000E+00
   0.0000000E+00   0.0000000E+00   0.0000000E+00   0.0000000E+00   0.0000000E+00
   0.0000000E+00   0.0000000E+00   0.0000000E+00   0.0000000E+00   0.0000000E+00
   0.0000000E+00   0.0000000E+00   0.0000000E+00   0.0000000E+00   0.0000000E+00
   0.0000000E+00   0.0000000E+00   0.0000000E+00   0.0000000E+00   0.0000000E+00
   0.0000000E+00   0.0000000E+00   0.0000000E+00   0.0000000E+00   0.0000000E+00
   0.0000000E+00   0.0000000E+00   0.0000000E+00   0.0000000E+00   0.0000000E+00
   0.0000000E+00   0.0000000E+00   0.0000000E+00   0.0000000E+00   0.0000000E+00
   0.0000000E+00   0.0000000E+00   0.0000000E+00   0.0000000E+00   0.0000000E+00
   0.0000000E+00   0.0000000E+00   0.0000000E+00   0.0000000E+00   0.0000000E+00
   0.0000000E+00   0.0000000E+00   0.0000000E+00   0.0000000E+00   0.0000000E+00
   0.0000000E+00   0.0000000E+00   0.0000000E+00   0.0000000E+00   0.0000000E+00
   0.0000000E+00   0.0000000E+00   0.0000000E+00   0.0000000E+00   0.0000000E+00
   0.0000000E+00   0.0000000E+00   0.0000000E+00   0.0000000E+00   0.0000000E+00
   0.0000000E+00   0.0000000E+00   0.0000000E+00   0.0000000E+00   0.0000000E+00
   0.0000000E+00   0.0000000E+00   0.0000000E+00   0.0000000E+00   0.0000000E+00
   0.0000000E+00   0.0000000E+00   0.0000000E+00   0.0000000E+00   0.0000000E+00
   9.8553165E-01   9.7328400E-01   9.6080989E-01   9.4821582E-01   9.3558307E-01
   9.2293929E-01   9.1029521E-01   8.9765808E-01   8.8503271E-01   8.7241964E-01
   8.5981410E-01   8.4720786E-01   8.3459096E-01   8.2195415E-01   8.0929047E-01
   7.9659530E-01   7.8386771E-01   7.7110984E-01   7.5832628E-01   7.4552451E-01
   7.3271433E-01   7.1990793E-01   7.0711966E-01   6.9436580E-01   6.8166445E-01
   6.6903497E-01   6.5649808E-01   6.4407606E-01   6.3179192E-01   6.1966952E-01
   6.0773404E-01   5.9601113E-01   5.8452686E-01   5.7330821E-01   5.6238233E-01
   5.5177607E-01   5.4151681E-01   5.3163189E-01   5.2214774E-01   5.1309070E-01
   5.0448672E-01   4.9636012E-01   4.8873418E-01   4.8163117E-01   4.7507129E-01
   4.6907266E-01   4.6365165E-01   4.5882207E-01   4.5459467E-01   4.5097761E-01
   4.4797622E-01   4.4559215E-01   4.4382369E-01   4.4266624E-01   4.4211181E-01
   4.4214909E-01   4.4276425E-01   4.4394104E-01   4.4566041E-01   4.4790135E-01
   4.5064137E-01   4.5385655E-01   4.5752153E-01   4.6161035E-01   4.6609666E-01
   4.7095371E-01   4.7615475E-01   4.8167352E-01   4.8748435E-01   4.9356194E-01
   4.9988178E-01   5.0642036E-01   5.1315510E-01   5.2006425E-01   5.2712711E-01
   5.3432401E-01   5.4163629E-01   5.4904624E-01   5.5653720E-01   5.6409349E-01
   5.7170043E-01   5.7934433E-01   5.8701234E-01   5.9469245E-01   6.0237349E-01
   6.1004519E-01   6.1769800E-01   6.2532299E-01   6.3291185E-01   6.4045707E-01
   6.4795172E-01   6.5538936E-01   6.6276397E-01   6.7007024E-01   6.7730343E-01
   6.8445916E-01   6.9153338E-01   6.9852239E-01   7.0542320E-01   7.1223310E-01
   7.1894961E-01   7.2557051E-01   7.3209389E-01   7.3851834E-01   7.4484265E-01
   7.5106576E-01   7.5718675E-01   7.6320504E-01   7.6912038E-01   7.7493264E-01
   7.8064177E-01   7.8624779E-01   7.9175089E-01   7.9715155E-01   8.0245032E-01
   8.0764778E-01   8.1274453E-01   8.1774115E-01   8.2263845E-01   8.2743731E-01
   2.1142592E+02   2.1048073E+02   2.0953864E+02   2.0859974E+02   2.0766389E+02
   2.0673111E+02   2.0580143E+02   2.0487483E+02   2.0395132E+02   2.0303095E+02
   2.0211372E+02   2.0119966E+02   2.0028878E+02   1.9938113E+02   1.9847672E+02
   1.9757558E+02   1.9667776E+02   1.9578327E+02   1.9489215E+02   1.9400443E+02
   1.9312014E+02   1.9223932E+02   1.9136199E+02   1.9048819E+02   1.8961796E+02
   1.8875132E+02   1.8788831E+02   1.8702895E+02   1.8617327E+02   1.8532128E+02
   1.8447302E+02   1.8362850E+02   1.8278775E+02   1.8195077E+02   1.8111759E+02
   1.8028822E+02   1.7946266E+02   1.7864094E+02   1.7782306E+02   1.7700902E+02
   1.7619884E+02   1.7539252E+02   1.7459006E+02   1.7379146E+02   1.7299672E+02
   1.7220586E+02   1.7141885E+02   1.7063571E+02   1.6985643E+02   1.6908101E+02
   1.6830944E+02   1.6754172E+02   1.6677785E+02   1.6601783E+02   1.6526165E+02
   1.6450931E+02   1.6376081E+02   1.6301614E+02   1.6227532E+02   1.6153833E+02
   1.6080518E+02   1.6007587E+02   1.5935041E+02   1.5862880E+02   1.5791106E+02
   1.5719718E+02   1.5648718E+02   1.5578108E+02   1.5507888E+02   1.5438061E+02
   1.5368628E+02   1.5299591E+02   1.5230952E+02   1.5162714E+02   1.5094880E+02
   1.5027451E+02   1.4960432E+02   1.4893825E+02   1.4827634E+02   1.4761862E+02
   1.4696513E+02   1.4631591E+02   1.4567100E+02   1.4503045E+02   1.4439430E+02
   1.4376260E+02   1.4313540E+02   1.4251275E+02   1.4189470E+02   1.4128130E+02
   1.4067262E+02   1.4006871E+02   1.3946964E+02   1.3887545E+02   1.3828623E+02
   1.3770204E+02   1.3712293E+02   1.3654899E+02   1.3598027E+02   1.3541686E+02
   1.3485881E+02   1.3430619E+02   1.3375908E+02   1.3321755E+02   1.3268165E+02
   1.3215145E+02   1.3162702E+02   1.3110843E+02   1.3059572E+02   1.3008897E+02
   1.2958823E+02   1.2909356E+02   1.2860502E+02   1.2812267E+02   1.2764656E+02
   1.2717674E+02   1.2671328E+02   1.2625622E+02   1.2580562E+02   1.2536153E+02
   6.2135324E+00   6.2106203E+00   6.2076689E+00   6.2046772E+00   6.2016464E+00
   6.1985762E+00   6.1954664E+00   6.1923169E+00   6.1891276E+00   6.1858982E+00
   6.1826283E+00   6.1793178E+00   6.1759662E+00   6.1725735E+00   6.1691390E+00
   6.1656627E+00   6.1621440E+00   6.1585825E+00   6.1549780E+00   6.1513300E+00
   6.1476381E+00   6.1439018E+00   6.1401207E+00   6.1362944E+00   6.1324224E+00
   6.1285043E+00   6.1245396E+00   6.1205279E+00   6.1164689E+00   6.1123620E+00
   6.1082070E+00   6.1040036E+00   6.0997513E+00   6.0954498E+00   6.0910990E+00
   6.0866984E+00   6.0822478E+00   6.0777470E+00   6.0731957E+00   6.0685938E+00
   6.0639410E+00   6.0592372E+00   6.0544821E+00   6.0496757E+00   6.0448179E+00
   6.0399085E+00   6.0349473E+00   6.0299344E+00   6.0248697E+00   6.0197530E+00
   6.0145844E+00   6.0093638E+00   6.0040912E+00   5.9987665E+00   5.9933897E+00
   5.9879609E+00   5.9824799E+00   5.9769468E+00   5.9713616E+00   5.9657242E+00
   5.9600347E+00   5.9542931E+00   5.9484994E+00   5.9426535E+00   5.9367554E+00
   5.9308051E+00   5.9248026E+00   5.9187479E+00   5.9126409E+00   5.9064815E+00
   5.9002699E+00   5.8940058E+00   5.8876893E+00   5.8813202E+00   5.8748986E+00
   5.8684243E+00   5.8618973E+00   5.8553174E+00   5.8486847E+00   5.8419989E+00
   5.8352600E+00   5.8284680E+00   5.8216226E+00   5.8147238E+00   5.8077715E+00
   5.8007655E+00   5.7937057E+00   5.7865921E+00   5.7794244E+00   5.7722026E+00
   5.7649266E+00   5.7575962E+00   5.7502113E+00   5.7427718E+00   5.7352775E+00
   5.7277285E+00   5.7201245E+00   5.7124654E+00   5.7047513E+00   5.6969819E+00
   5.6891572E+00   5.6812773E+00   5.6733420E+00   5.6653513E+00   5.6573052E+00
   5.6492038E+00   5.6410471E+00   5.6328352E+00   5.6245681E+00   5.6162459E+00
   5.6078688E+00   5.5994368E+00   5.5909503E+00   5.5824092E+00   5.5738140E+00
   5.5651646E+00   5.5564615E+00   5.5477049E+00   5.5388950E+00   5.5300323E+00
   5.5381309E+01   5.4841187E+01   5.4301930E+01   5.3763648E+01   5.3226274E+01
   5.2689838E+01   5.2154366E+01   5.1619870E+01   5.1086369E+01   5.0553881E+01
   5.0022434E+01   4.9492049E+01   4.8962749E+01   4.8434562E+01   4.7907513E+01
   4.7381634E+01   4.6856957E+01   4.6333519E+01   4.5811357E+01   4.5290515E+01
   4.4771037E+01   4.4252974E+01   4.3736379E+01   4.3221306E+01   4.2707815E+01
   4.2195964E+01   4.1685814E+01   4.1177425E+01   4.0670857E+01   4.0166170E+01
   3.9663420E+01   3.9162664E+01   3.8663958E+01   3.8167355E+01   3.7672908E+01
   3.7180666E+01   3.6690679E+01   3.6202993E+01   3.5717649E+01   3.5234691E+01
   3.4754155E+01   3.4276077E+01   3.3800488E+01   3.3327418E+01   3.2856892E+01
   3.2388932E+01   3.1923558E+01   3.1460785E+01   3.1000624E+01   3.0543085E+01
   3.0088174E+01   2.9635890E+01   2.9186232E+01   2.8739195E+01   2.8294770E+01
   2.7852944E+01   2.7413702E+01   2.6977026E+01   2.6542895E+01   2.6111285E+01
   2.5682169E+01   2.5255518E+01   2.4831301E+01   2.4409484E+01   2.3990030E+01
   2.3572902E+01   2.3158060E+01   2.2745463E+01   2.2335068E+01   2.1926832E+01
   2.1520709E+01   2.1116654E+01   2.0714620E+01   2.0314559E+01   1.9916424E+01
   1.9520166E+01   1.9125734E+01   1.8733082E+01   1.8342158E+01   1.7952913E+01
   1.7565299E+01   1.7179264E+01   1.6794762E+01   1.6411742E+01   1.6030157E+01
   1.5649959E+01   1.5271101E+01   1.4893536E+01   1.4517218E+01   1.4142102E+01
   1.3768142E+01   1.3395296E+01   1.3023518E+01   1.2652767E+01   1.2283002E+01
   1.1914181E+01   1.1546266E+01   1.1179216E+01   1.0812996E+01   1.0447568E+01
   1.0082897E+01   9.7189502E+00   9.3556938E+00   8.9930948E+00   8.6311239E+00
   8.2697506E+00   7.9089457E+00   7.5486823E+00   7.1889334E+00   6.8296732E+00
   6.4708764E+00   6.1125184E+00   5.7545757E+00   5.3970251E+00   5.0398449E+00
   4.6830134E+00   4.3265094E+00   3.9703124E+00   3.6144025E+00   3.2587601E+00
   4.4926048E-01   4.4988718E-01   4.5060781E-01   4.5144015E-01   4.5242665E-01
   4.5350769E-01   4.5462480E-01   4.5575565E-01   4.5688524E-01   4.5799835E-01
   4.5908367E-01   4.6013175E-01   4.6114252E-01   4.6211815E-01   4.6306918E-01
   4.6400493E-01   4.6492978E-01   4.6585396E-01   4.6678577E-01   4.6773048E-01
   4.6869592E-01   4.6969534E-01   4.7073545E-01   4.7182001E-01   4.7295311E-01
   4.7413971E-01   4.7538130E-01   4.7667983E-01   4.7803973E-01   4.7946067E-01
   4.8094313E-01   4.8249257E-01   4.8410716E-01   4.8578451E-01   4.8752669E-01
   4.8933161E-01   4.9119584E-01   4.9312020E-01   4.9510318E-01   4.9714106E-01
   4.9923260E-01   5.0137601E-01   5.0356749E-01   5.0580470E-01   5.0808816E-01
   5.1041499E-01   5.1278233E-01   5.1519062E-01   5.1763824E-01   5.2012254E-01
   5.2264271E-01   5.2519796E-01   5.2778427E-01   5.3040009E-01   5.3304666E-01
   5.3572300E-01   5.3842754E-01   5.4116035E-01   5.4392229E-01   5.4671205E-01
   5.4952854E-01   5.5237309E-01   5.5524523E-01   5.5814227E-01   5.6106362E-01
   5.6401079E-01   5.6698325E-01   5.6998028E-01   5.7300222E-01   5.7604983E-01
   5.7912246E-01   5.8221948E-01   5.8534119E-01   5.8848763E-01   5.9165817E-01
   5.9485123E-01   5.9806626E-01   6.0130295E-01   6.0456086E-01   6.0783948E-01
   6.1113792E-01   6.1445550E-01   6.1779170E-01   6.2114599E-01   6.2451678E-01
   6.2790283E-01   6.3130357E-01   6.3471840E-01   6.3814497E-01   6.4158081E-01
   6.4502539E-01   6.4847816E-01   6.5193806E-01   6.5540174E-01   6.5886821E-01
   6.6233686E-01   6.6580706E-01   6.6927604E-01   6.7274109E-01   6.7620156E-01
   6.7965681E-01   6.8310576E-01   6.8654419E-01   6.8997045E-01   6.9338394E-01
   6.9678407E-01   7.0016995E-01   7.0353783E-01   7.0688628E-01   7.1021472E-01
   7.1352258E-01   7.1680921E-01   7.2007160E-01   7.2330771E-01   7.2651702E-01
   7.2969879E-01   7.3285221E-01   7.3597624E-01   7.3906781E-01   7.4212609E-01
   8.6349938E-01   8.6054119E-01   8.5654912E-01   8.5299358E-01   8.4956706E-01
   8.4609953E-01   8.4271033E-01   8.3940078E-01   8.3614577E-01   8.3294988E-01
   8.2981894E-01   8.2675320E-01   8.2374719E-01   8.2079612E-01   8.1789119E-01
   8.1502391E-01   8.1218873E-01   8.0937690E-01   8.0658051E-01   8.0379386E-01
   8.0100976E-01   7.9821755E-01   7.9541092E-01   7.9258665E-01   7.8974288E-01
   7.8687742E-01   7.8399077E-01   7.8108417E-01   7.7815731E-01   7.7521286E-01
   7.7225262E-01   7.6927459E-01   7.6628157E-01   7.6327683E-01   7.6026042E-01
   7.5723517E-01   7.5420487E-01   7.5117029E-01   7.4813366E-01   7.4509874E-01
   7.4206747E-01   7.3904200E-01   7.3602595E-01   7.3302190E-01   7.3003009E-01
   7.2705326E-01   7.2409406E-01   7.2115250E-01   7.1823002E-01   7.1532878E-01
   7.1244944E-01   7.0959241E-01   7.0676056E-01   7.0395476E-01   7.0117344E-01
   6.9841663E-01   6.9568477E-01   6.9297683E-01   6.9029094E-01   6.8762688E-01
   6.8498423E-01   6.8236034E-01   6.7975396E-01   6.7716570E-01   6.7459431E-01
   6.7203657E-01   6.6949094E-01   6.6695604E-01   6.6442948E-01   6.6190836E-01
   6.5939105E-01   6.5687589E-01   6.5436031E-01   6.5184194E-01   6.4931908E-01
   6.4679087E-01   6.4425551E-01   6.4171087E-01   6.3915498E-01   6.3658592E-01
   6.3400216E-01   6.3140204E-01   6.2878370E-01   6.2614533E-01   6.2348621E-01
   6.2080537E-01   6.1810117E-01   6.1537203E-01   6.1261824E-01   6.0984012E-01
   6.0703593E-01   6.0420393E-01   6.0134296E-01   5.9845448E-01   5.9553758E-01
   5.9259132E-01   5.8961489E-01   5.8660999E-01   5.8357856E-01   5.8052018E-01
   5.7743465E-01   5.7432279E-01   5.7118946E-01   5.6803662E-01   5.6486502E-01
   5.6167541E-01   5.5846888E-01   5.5525014E-01   5.5202117E-01   5.4878287E-01
   5.4553618E-01   5.4228211E-01   5.3902488E-01   5.3576745E-01   5.3251086E-01
   5.2925640E-01   5.2600552E-01   5.2276001E-01   5.1952456E-01   5.1630071E-01
   5.0000000E+12   4.9999999E+12   4.9999996E+12   4.9999992E+12   4.9999987E+12
   4.9999980E+12   4.9999973E+12   4.9999965E+12   4.9999958E+12   4.9999952E+12
   4.9999947E+12   4.9999942E+12   4.9999938E+12   4.9999935E+12   4.9999932E+12
   4.9999930E+12   4.9999928E+12   4.9999927E+12   4.9999925E+12   4.9999924E+12
   4.9999923E+12   4.9999922E+12   4.9999921E+12   4.9999920E+12   4.9999919E+12
   4.9999919E+12   4.9999918E+12   4.9999918E+12   4.9999917E+12   4.9999917E+12
   4.9999916E+12   4.9999916E+12   4.9999916E+12   4.9999915E+12   4.9999915E+12
   4.9999915E+12   4.9999915E+12   4.9999914E+12   4.9999914E+12   4.9999914E+12
   4.9999914E+12   4.9999914E+12   4.9999914E+12   4.9999914E+12   4.9999914E+12
   4.9999914E+12   4.9999914E+12   4.9999914E+12   4.9999914E+12   4.9999914E+12
   4.9999914E+12   4.9999914E+12   4.9999912E+12   4.9999896E+12   4.9999796E+12
   4.9999325E+12   4.9997545E+12   4.9991883E+12   4.9976275E+12   4.9938117E+12
   4.9853884E+12   4.9683651E+12   4.9365345E+12   4.8810306E+12   4.7902656E+12
   4.6505769E+12   4.4478801E+12   4.1705166E+12   3.8130196E+12   3.3799276E+12
   2.8881541E+12   2.3663244E+12   1.8503772E+12   1.3762088E+12   9.7156828E+11
   6.5105182E+11   4.1473301E+11   2.5218927E+11   1.4727568E+11   8.3266234E+10
   4.6018697E+10   2.5132165E+10   1.3719072E+10   7.5714825E+09   4.2705432E+09
   2.4853408E+09   1.5042323E+09   9.5241837E+08   6.3321328E+08   4.4277735E+08
   3.2554697E+08   2.5112905E+08   2.0258495E+08   1.7016751E+08   1.4811251E+08
   1.3290588E+08   1.2233723E+08   1.1497189E+08   1.0985008E+08   1.0631168E+08
   1.0389240E+08   1.0226060E+08   1.0117779E+08   1.0047251E+08   1.0002240E+08
   9.9741314E+07   9.9569740E+07   9.9467465E+07   9.9407968E+07   9.9374206E+07
   9.9355524E+07   9.9345445E+07   9.9340144E+07   9.9337427E+07   9.9336071E+07
   9.9335412E+07   9.9335099E+07   9.9334955E+07   9.9334891E+07   9.9334863E+07
   0.0000000E+00   0.0000000E+00   0.0000000E+00   0.0000000E+00   0.0000000E+00
   0.0000000E+00   0.0000000E+00   0.0000000E+00   0.0000000E+00   0.0000000E+00
   0.0000000E+00   0.0000000E+00   0.0000000E+00   0.0000000E+00   0.0000000E+00
   0.0000000E+00   0.0000000E+00   0.0000000E+00   0.0000000E+00   0.0000000E+00
   0.0000000E+00   0.0000000E+00   0.0000000E+00   0.0000000E+00   0.0000000E+00
   0.0000000E+00   0.0000000E+00   0.0000000E+00   0.0000000E+00   0.0000000E+00
   0.0000000E+00   0.0000000E+00   0.0000000E+00   0.0000000E+00   0.0000000E+00
   0.0000000E+00   0.0000000E+00   0.0000000E+00   0.0000000E+00   0.0000000E+00
   0.0000000E+00   0.0000000E+00   0.0000000E+00   0.0000000E+00   0.0000000E+00
   0.0000000E+00   0.0000000E+00   0.0000000E+00   0.0000000E+00   0.0000000E+00
   0.0000000E+00   0.0000000E+00   0.0000000E+00   0.0000000E+00   0.0000000E+00
   0.0000000E+00   0.0000000E+00   0.0000000E+00   0.0000000E+00   0.0000000E+00
   0.0000000E+00   0.0000000E+00   0.0000000E+00   0.0000000E+00   0.0000000E+00
   0.0000000E+00   0.0000000E+00   0.0000000E+00   0.0000000E+00   0.0000000E+00
   0.0000000E+00   0.0000000E+00   0.0000000E+00   0.0000000E+00   0.0000000E+00
   0.0000000E+00   0.0000000E+00   0.0000000E+00   0.0000000E+00   0.0000000E+00
   0.0000000E+00   0.0000000E+00   0.0000000E+00   0.0000000E+00   0.0000000E+00
   0.0000000E+00   0.0000000E+00   0.0000000E+00   0.0000000E+00   0.0000000E+00
   0.0000000E+00   0.0000000E+00   0.0000000E+00   0.0000000E+00   0.0000000E+00
   0.0000000E+00   0.0000000E+00   0.0000000E+00   0.0000000E+00   0.0000000E+00
   0.0000000E+00   0.0000000E+00   0.0000000E+00   0.0000000E+00   0.0000000E+00
   0.0000000E+00   0.0000000E+00   0.0000000E+00   0.0000000E+00   0.0000000E+00
   0.0000000E+00   0.0000000E+00   0.0000000E+00   0.0000000E+00   0.0000000E+00
   0.0000000E+00   0.0000000E+00   0.0000000E+00   0.0000000E+00   0.0000000E+00
   6.2969168E-03   6.2969168E-03   6.2969168E-03   6.2969168E-03   6.2969168E-03
   6.2969168E-03   6.2969168E-03   6.2969168E-03   6.2969168E-03   6.2969168E-03
   6.2969168E-03   6.2969168E-03   6.2969168E-03   6.2969168E-03   6.2969168E-03
   6.2969168E-03   6.2969168E-03   6.2969168E-03   6.2969168E-03   6.2969168E-03
   6.2969168E-03   6.2969168E-03   6.2969168E-03   6.2969168E-03   6.2969168E-03
   6.2969168E-03   6.2969168E-03   6.2969168E-03   6.2969168E-03   6.2969168E-03
   6.2969168E-03   6.2969168E-03   6.2969168E-03   6.2969168E-03   6.2969168E-03
   6.2969168E-03   6.2969168E-03   6.2969168E-03   6.2969168E-03   6.2969168E-03
   6.2969168E-03   6.2969168E-03   6.2969168E-03   6.2969168E-03   6.2969168E-03
   6.2969168E-03   6.2969168E-03   6.2969168E-03   6.2969168E-03   6.2969168E-03
   6.2969168E-03   6.2969168E-03   6.2969168E-03   6.2969168E-03   6.2969168E-03
   6.2969168E-03   6.2969168E-03   6.2969168E-03   6.2969168E-03   6.2969168E-03
   6.2969168E-03   6.2969168E-03   6.2969168E-03   6.2969168E-03   6.2969168E-03
   6.2969168E-03   6.2969168E-03   6.2969168E-03   6.2969168E-03   6.2969168E-03
   6.2969168E-03   6.2969168E-03   6.2969168E-03   6.2969168E-03   6.2969168E-03
   6.2969168E-03   6.2969168E-03   6.2969168E-03   6.2969168E-03   6.2969168E-03
   6.2969168E-03   6.2969168E-03   6.2969168E-03   6.2969168E-03   6.2969168E-03
   6.2969168E-03   6.2969168E-03   6.2969168E-03   6.2969168E-03   6.2969168E-03
   6.2969168E-03   6.2969168E-03   6.2969168E-03   6.2969168E-03   6.2969168E-03
   6.2969168E-03   6.2969168E-03   6.2969168E-03   6.2969168E-03   6.2969168E-03
   6.2969168E-03   6.2969168E-03   6.2969168E-03   6.2969168E-03   6.2969168E-03
   6.2969168E-03   6.2969168E-03   6.2969168E-03   6.2969168E-03   6.2969168E-03
   6.2969168E-03   6.2969168E-03   6.2969168E-03   6.2969168E-03   6.2969168E-03
   6.2969168E-03   6.2969168E-03   6.2969168E-03   6.2969168E-03   6.2969168E-03
  -2.8612986E-01   7.0648823E-10  -2.8811174E-01   1.0710076E-09  -2.9082966E-01
   2.9546904E-09  -2.9334355E-01   4.5314123E-09  -2.9585990E-01   5.5791255E-09
  -2.9845893E-01   6.3510287E-09  -3.0103520E-01   6.5626049E-09  -3.0357678E-01
   6.3322342E-09  -3.0609265E-01   5.8477276E-09  -3.0857241E-01   5.1991962E-09
  -3.1100659E-01   4.4720945E-09  -3.1339048E-01   3.7499697E-09  -3.1572728E-01
   3.0952691E-09  -3.1802083E-01   2.5398197E-09  -3.2028104E-01   2.0895640E-09
  -3.2251721E-01   1.7322670E-09  -3.2473476E-01   1.4565148E-09  -3.2694355E-01
   1.2432822E-09  -3.2915221E-01   1.0760864E-09  -3.3136666E-01   9.4258415E-10
  -3.3359479E-01   8.3421393E-10  -3.3584883E-01   7.4536093E-10  -3.3813547E-01
   6.7145529E-10  -3.4045804E-01   6.0882363E-10  -3.4281897E-01   5.5450670E-10
  -3.4522116E-01   5.0628293E-10  -3.4766426E-01   4.6250638E-10  -3.5014750E-01
   4.2190951E-10  -3.5267200E-01   3.8360878E-10  -3.5523500E-01   3.4706101E-10
  -3.5783463E-01   3.1203896E-10  -3.6047333E-01   2.7853736E-10  -3.6314761E-01
   2.4659202E-10  -3.6585344E-01   2.1629221E-10  -3.6859056E-01   1.8777424E-10
  -3.7135532E-01   1.6119095E-10  -3.7414298E-01   1.3668914E-10  -3.7695235E-01
   1.1440358E-10  -3.7978043E-01   9.4428406E-11  -3.8262247E-01   7.6804179E-11
  -3.8547584E-01   6.1521875E-11  -3.8833762E-01   4.8488241E-11  -3.9120327E-01
   3.7577020E-11  -3.9406954E-01   2.8613356E-11  -3.9693570E-01   2.1394363E-11
  -3.9979831E-01   1.5696158E-11  -4.0265409E-01   1.1290571E-11  -4.0550262E-01
   7.9575419E-12  -4.0834198E-01   5.4912380E-12  -4.1116950E-01   3.8937364E-12
  -4.1398422E-01   1.9579745E-11  -4.1678544E-01   4.4665217E-10  -4.1956999E-01
   5.6211474E-09  -4.2233696E-01   4.4035703E-08  -4.2508804E-01   2.4498527E-07
  -4.2782345E-01   1.0518919E-06  -4.3054330E-01   3.6856220E-06  -4.3324961E-01
   1.0961917E-05  -4.3594578E-01   2.8489662E-05  -4.3863422E-01   6.6135609E-05
  -4.4131824E-01   1.3948628E-04  -4.4400365E-01   2.7091925E-04  -4.4669469E-01
   4.8986317E-04  -4.4939290E-01   8.3192034E-04  -4.5209915E-01   1.3367305E-03
  -4.5481251E-01   2.0445076E-03  -4.5752589E-01   2.9922071E-03  -4.6022602E-01
   4.2085913E-03  -4.6289613E-01   5.7100619E-03  -4.6551542E-01   7.4970254E-03
  -4.6805517E-01   9.5519712E-03  -4.7049456E-01   1.1839101E-02  -4.7280737E-01
   1.4300902E-02  -4.7497362E-01   1.6866113E-02  -4.7699161E-01   1.9451900E-02
  -4.7885550E-01   2.1964421E-02  -4.8056962E-01   2.4307750E-02  -4.8215362E-01
   2.6387102E-02  -4.8363687E-01   2.8114647E-02  -4.8505594E-01   2.9414769E-02
  -4.8645240E-01   3.0228685E-02  -4.8786178E-01   3.0519799E-02  -4.8931740E-01
   3.0275465E-02  -4.9084504E-01   2.9507701E-02  -4.9246626E-01   2.8253662E-02
  -4.9419084E-01   2.6572779E-02  -4.9602171E-01   2.4543267E-02  -4.9795559E-01
   2.2256698E-02  -4.9998472E-01   1.9811339E-02  -5.0210363E-01   1.7304930E-02
  -5.0430089E-01   1.4829917E-02  -5.0656058E-01   1.2466760E-02  -5.0887369E-01
   1.0278200E-02  -5.1123355E-01   8.3087697E-03  -5.1364024E-01   6.5838409E-03
  -5.1607611E-01   5.1128865E-03  -5.1852743E-01   3.8904257E-03  -5.2099070E-01
   2.8993923E-03  -5.2345287E-01   2.1156542E-03  -5.2590253E-01   1.5110454E-03
  -5.2833999E-01   1.0559403E-03  -5.3075509E-01   7.2174945E-04  -5.3314583E-01
   4.8227788E-04  -5.3550773E-01   3.1491457E-04  -5.3784233E-01   2.0086356E-04
  -5.4014896E-01   1.2510318E-04  -5.4242936E-01   7.6057786E-05  -5.4468170E-01
   4.5117005E-05  -5.4690663E-01   2.6105345E-05  -5.4910544E-01   1.4730734E-05
  -5.5127904E-01   8.1052131E-06  -5.5342822E-01   4.3482664E-06  -5.5555162E-01
   2.2738916E-06  -5.5764857E-01   1.1587330E-06  -5.5971948E-01   5.7524165E-07
  -5.6176449E-01   2.7813900E-07  -5.6378356E-01   1.3095059E-07  -5.6577640E-01
   6.0014760E-08  -5.6774096E-01   2.6759801E-08  -5.6967708E-01   1.1603261E-08
  -9.3138627E-09  -8.0438741E-01  -1.2569351E-08  -8.0466829E-01  -3.0245762E-08
  -8.0490934E-01  -4.1459142E-08  -8.0507692E-01  -4.6169191E-08  -8.0517800E-01
  -4.7778622E-08  -8.0524086E-01  -4.5164042E-08  -8.0528394E-01  -4.0075766E-08
  -8.0531515E-01  -3.4168391E-08  -8.0534077E-01  -2.8141286E-08  -8.0536679E-01
  -2.2488322E-08  -8.0539796E-01  -1.7563435E-08  -8.0543830E-01  -1.3531562E-08
  -8.0548863E-01  -1.0383509E-08  -8.0554869E-01  -8.0023729E-09  -8.0561559E-01
  -6.2230199E-09  -8.0568652E-01  -4.9152915E-09  -8.0575991E-01  -3.9462237E-09
  -8.0583249E-01  -3.2159781E-09  -8.0590120E-01  -2.6550662E-09  -8.0596387E-01
  -2.2167571E-09  -8.0601761E-01  -1.8700564E-09  -8.0605778E-01  -1.5918049E-09
  -8.0608185E-01  -1.3648136E-09  -8.0608823E-01  -1.1762981E-09  -8.0607528E-01
  -1.0170626E-09  -8.0604118E-01  -8.8050942E-10  -8.0598519E-01  -7.6176576E-10
  -8.0590650E-01  -6.5735912E-10  -8.0580367E-01  -5.6489218E-10  -8.0567671E-01
  -4.8278473E-10  -8.0552545E-01  -4.0997151E-10  -8.0534822E-01  -3.4555800E-10
  -8.0514568E-01  -2.8880592E-10  -8.0491872E-01  -2.3909897E-10  -8.0466686E-01
  -1.9589186E-10  -8.0439098E-01  -1.5867396E-10  -8.0409238E-01  -1.2696132E-10
  -8.0377112E-01  -1.0026790E-10  -8.0342796E-01  -7.8098268E-11  -8.0306446E-01
  -5.9964080E-11  -8.0268142E-01  -4.5336181E-11  -8.0227981E-01  -3.3732573E-11
  -8.0186132E-01  -2.4682276E-11  -8.0142715E-01  -1.7749090E-11  -8.0097763E-01
  -1.2534253E-11  -8.0051421E-01  -8.6858522E-12  -8.0003837E-01  -5.9023893E-12
  -7.9955052E-01  -3.9305358E-12  -7.9905182E-01  -3.1597971E-12  -7.9854380E-01
  -5.3893322E-11  -7.9802745E-01  -1.3008420E-09  -7.9750383E-01  -1.5757652E-08
  -7.9697521E-01  -1.1874567E-07  -7.9644317E-01  -6.3631582E-07  -7.9590863E-01
  -2.6346349E-06  -7.9537357E-01  -8.9101730E-06  -7.9484063E-01  -2.5598918E-05
  -7.9431232E-01  -6.4305527E-05  -7.9379105E-01  -1.4435449E-04  -7.9327979E-01
  -2.9452160E-04  -7.9278049E-01  -5.5351496E-04  -7.9229253E-01  -9.6862928E-04
  -7.9181322E-01  -1.5923744E-03  -7.9133819E-01  -2.4774395E-03  -7.9085849E-01
  -3.6704266E-03  -7.9036210E-01  -5.2064094E-03  -7.8983616E-01  -7.1034696E-03
  -7.8926681E-01  -9.3593792E-03  -7.8864242E-01  -1.1950239E-02  -7.8795309E-01
  -1.4833034E-02  -7.8718847E-01  -1.7944465E-02  -7.8635017E-01  -2.1203870E-02
  -7.8543450E-01  -2.4521930E-02  -7.8444303E-01  -2.7796363E-02  -7.8338860E-01
  -3.0922778E-02  -7.8227680E-01  -3.3798229E-02  -7.8111497E-01  -3.6318697E-02
  -7.7991489E-01  -3.8385198E-02  -7.7868964E-01  -3.9908232E-02  -7.7745300E-01
  -4.0811537E-02  -7.7622002E-01  -4.1044463E-02  -7.7500266E-01  -4.0581418E-02
  -7.7381362E-01  -3.9425187E-02  -7.7266492E-01  -3.7610904E-02  -7.7157129E-01
  -3.5208275E-02  -7.7054458E-01  -3.2319531E-02  -7.6959461E-01  -2.9073877E-02
  -7.6872766E-01  -2.5617403E-02  -7.6794592E-01  -2.2098821E-02  -7.6724766E-01
  -1.8663091E-02  -7.6662097E-01  -1.5434381E-02  -7.6604755E-01  -1.2501403E-02
  -7.6551073E-01  -9.9190929E-03  -7.6499636E-01  -7.7095810E-03  -7.6449263E-01
  -5.8721254E-03  -7.6398456E-01  -4.3836761E-03  -7.6346295E-01  -3.2067391E-03
  -7.6292546E-01  -2.2983536E-03  -7.6236969E-01  -1.6137455E-03  -7.6179471E-01
  -1.1095483E-03  -7.6120265E-01  -7.4686001E-04  -7.6059482E-01  -4.9189216E-04
  -7.5997504E-01  -3.1685005E-04  -7.5934578E-01  -1.9952319E-04  -7.5870936E-01
  -1.2277739E-04  -7.5806767E-01  -7.3799713E-05  -7.5742251E-01  -4.3310959E-05
  -7.5677618E-01  -2.4808554E-05  -7.5613010E-01  -1.3866388E-05  -7.5548519E-01
  -7.5615318E-06  -7.5484221E-01  -4.0224956E-06  -7.5420184E-01  -2.0868922E-06
  -7.5356529E-01  -1.0555317E-06  -7.5293345E-01  -5.2034815E-07  -7.5230666E-01
  -2.4994902E-07  -7.5168529E-01  -1.1695678E-07  -7.5106968E-01  -5.3294157E-08
  -7.5046021E-01  -2.3636072E-08  -7.4985784E-01  -1.0197736E-08  -7.4926283E-01
   5.2066362E-01   0.0000000E+00   5.1913444E-01   0.0000000E+00   5.1724178E-01
   0.0000000E+00   5.1555865E-01   0.0000000E+00   5.1396041E-01   0.0000000E+00
   5.1235673E-01   0.0000000E+00   5.1077939E-01   0.0000000E+00   5.0922357E-01
   0.0000000E+00   5.0767463E-01   0.0000000E+00   5.0612983E-01   0.0000000E+00
   5.0458798E-01   0.0000000E+00   5.0304627E-01   0.0000000E+00   5.0150209E-01
   0.0000000E+00   4.9995406E-01   0.0000000E+00   4.9840102E-01   0.0000000E+00
   4.9684190E-01   0.0000000E+00   4.9527598E-01   0.0000000E+00   4.9370226E-01
   0.0000000E+00   4.9211998E-01   0.0000000E+00   4.9052867E-01   0.0000000E+00
   4.8892754E-01   0.0000000E+00   4.8731552E-01   0.0000000E+00   4.8569172E-01
   0.0000000E+00   4.8405587E-01   0.0000000E+00   4.8240832E-01   0.0000000E+00
   4.8074937E-01   0.0000000E+00   4.7907978E-01   0.0000000E+00   4.7740071E-01
   0.0000000E+00   4.7571305E-01   0.0000000E+00   4.7401807E-01   0.0000000E+00
   4.7231677E-01   0.0000000E+00   4.7060941E-01   0.0000000E+00   4.6889684E-01
   0.0000000E+00   4.6717997E-01   0.0000000E+00   4.6545918E-01   0.0000000E+00
   4.6373525E-01   0.0000000E+00   4.6200916E-01   0.0000000E+00   4.6028135E-01
   0.0000000E+00   4.5855243E-01   0.0000000E+00   4.5682329E-01   0.0000000E+00
   4.5509440E-01   0.0000000E+00   4.5336629E-01   0.0000000E+00   4.5163971E-01
   0.0000000E+00   4.4991523E-01   0.0000000E+00   4.4819291E-01   0.0000000E+00
   4.4647318E-01   0.0000000E+00   4.4475644E-01   0.0000000E+00   4.4304242E-01
   0.0000000E+00   4.4133095E-01   0.0000000E+00   4.3962192E-01   0.0000000E+00
   4.3791466E-01   0.0000000E+00   4.3620813E-01   0.0000000E+00   4.3450149E-01
   0.0000000E+00   4.3279298E-01   0.0000000E+00   4.3107959E-01   0.0000000E+00
   4.2935764E-01   0.0000000E+00   4.2762231E-01   0.0000000E+00   4.2586702E-01
   0.0000000E+00   4.2408376E-01   0.0000000E+00   4.2226433E-01   0.0000000E+00
   4.2040124E-01   0.0000000E+00   4.1848885E-01   0.0000000E+00   4.1652672E-01
   0.0000000E+00   4.1451978E-01   0.0000000E+00   4.1248186E-01   0.0000000E+00
   4.1043353E-01   0.0000000E+00   4.0840280E-01   0.0000000E+00   4.0642556E-01
   0.0000000E+00   4.0453690E-01   0.0000000E+00   4.0277327E-01   0.0000000E+00
   4.0118252E-01   0.0000000E+00   3.9978258E-01   0.0000000E+00   3.9861225E-01
   0.0000000E+00   3.9769763E-01   0.0000000E+00   3.9702682E-01   0.0000000E+00
   3.9661286E-01   0.0000000E+00   3.9645814E-01   0.0000000E+00   3.9654171E-01
   0.0000000E+00   3.9682989E-01   0.0000000E+00   3.9727783E-01   0.0000000E+00
   3.9782810E-01   0.0000000E+00   3.9842898E-01   0.0000000E+00   3.9902070E-01
   0.0000000E+00   3.9954352E-01   0.0000000E+00   3.9992735E-01   0.0000000E+00
   4.0011341E-01   0.0000000E+00   4.0004960E-01   0.0000000E+00   3.9969659E-01
   0.0000000E+00   3.9903083E-01   0.0000000E+00   3.9803912E-01   0.0000000E+00
   3.9674256E-01   0.0000000E+00   3.9518842E-01   0.0000000E+00   3.9341958E-01
   0.0000000E+00   3.9147593E-01   0.0000000E+00   3.8938662E-01   0.0000000E+00
   3.8721106E-01   0.0000000E+00   3.8499257E-01   0.0000000E+00   3.8274631E-01
   0.0000000E+00   3.8049939E-01   0.0000000E+00   3.7827300E-01   0.0000000E+00
   3.7606520E-01   0.0000000E+00   3.7388966E-01   0.0000000E+00   3.7174317E-01
   0.0000000E+00   3.6962854E-01   0.0000000E+00   3.6754000E-01   0.0000000E+00
   3.6547568E-01   0.0000000E+00   3.6343021E-01   0.0000000E+00   3.6140234E-01
   0.0000000E+00   3.5938894E-01   0.0000000E+00   3.5738683E-01   0.0000000E+00
   3.5539365E-01   0.0000000E+00   3.5340741E-01   0.0000000E+00   3.5142814E-01
   0.0000000E+00   3.4945570E-01   0.0000000E+00   3.4748926E-01   0.0000000E+00
   3.4552842E-01   0.0000000E+00   3.4357305E-01   0.0000000E+00   3.4162339E-01
   0.0000000E+00   3.3968134E-01   0.0000000E+00   3.3774730E-01   0.0000000E+00
   8.4804340E-01   8.4379260E-01   8.3842920E-01   8.3355017E-01   8.2892083E-01
   8.2426634E-01   8.1970483E-01   8.1520290E-01   8.1074252E-01   8.0633189E-01
   8.0193733E-01   7.9756525E-01   7.9320930E-01   7.8886767E-01   7.8453559E-01
   7.8020672E-01   7.7587844E-01   7.7154737E-01   7.6720903E-01   7.6286054E-01
   7.5849838E-01   7.5411860E-01   7.4971892E-01   7.4529899E-01   7.4085957E-01
   7.3640230E-01   7.3192906E-01   7.2744407E-01   7.2295060E-01   7.1845237E-01
   7.1395340E-01   7.0945599E-01   7.0496399E-01   7.0048138E-01   6.9601037E-01
   6.9155393E-01   6.8711578E-01   6.8269882E-01   6.7830615E-01   6.7394102E-01
   6.6960588E-01   6.6530305E-01   6.6103545E-01   6.5680573E-01   6.5261569E-01
   6.4846747E-01   6.4436313E-01   6.4030415E-01   6.3629215E-01   6.3232864E-01
   6.2841455E-01   6.2455049E-01   6.2073739E-01   6.1697573E-01   6.1326544E-01
   6.0960636E-01   6.0599834E-01   6.0244089E-01   5.9893316E-01   5.9547430E-01
   5.9206325E-01   5.8869863E-01   5.8537908E-01   5.8210325E-01   5.7886929E-01
   5.7567518E-01   5.7251913E-01   5.6939923E-01   5.6631327E-01   5.6325899E-01
   5.6023421E-01   5.5723673E-01   5.5426424E-01   5.5131438E-01   5.4838489E-01
   5.4547355E-01   5.4257793E-01   5.3969558E-01   5.3682419E-01   5.3396146E-01
   5.3110503E-01   5.2825264E-01   5.2540208E-01   5.2255113E-01   5.1969765E-01
   5.1683963E-01   5.1397506E-01   5.1110199E-01   5.0821853E-01   5.0532253E-01
   5.0241191E-01   4.9948464E-01   4.9653865E-01   4.9357199E-01   4.9058299E-01
   4.8757059E-01   4.8453382E-01   4.8147174E-01   4.7838374E-01   4.7526932E-01
   4.7212825E-01   4.6896105E-01   4.6576825E-01   4.6255064E-01   4.5930920E-01
   4.5604491E-01   4.5275871E-01   4.4945137E-01   4.4612386E-01   4.4277726E-01
   4.3941268E-01   4.3603125E-01   4.3263401E-01   4.2922203E-01   4.2579648E-01
   4.2235860E-01   4.1890965E-01   4.1545088E-01   4.1198352E-01   4.0850877E-01
  -1.3561284E+04  -1.3629409E+04  -1.3694059E+04  -1.3754852E+04  -1.3814013E+04
  -1.3872906E+04  -1.3931868E+04  -1.3991014E+04  -1.4050548E+04  -1.4110677E+04
  -1.4171581E+04  -1.4233366E+04  -1.4296065E+04  -1.4359628E+04  -1.4423993E+04
  -1.4489085E+04  -1.4554807E+04  -1.4621102E+04  -1.4687916E+04  -1.4755192E+04
  -1.4822893E+04  -1.4890972E+04  -1.4959401E+04  -1.5028160E+04  -1.5097233E+04
  -1.5166619E+04  -1.5236308E+04  -1.5306297E+04  -1.5376600E+04  -1.5447215E+04
  -1.5518145E+04  -1.5589402E+04  -1.5660992E+04  -1.5732922E+04  -1.5805211E+04
  -1.5877865E+04  -1.5950890E+04  -1.6024298E+04  -1.6098095E+04  -1.6172284E+04
  -1.6246870E+04  -1.6321862E+04  -1.6397258E+04  -1.6473058E+04  -1.6549262E+04
  -1.6625865E+04  -1.6702863E+04  -1.6780252E+04  -1.6858024E+04  -1.6936175E+04
  -1.7014696E+04  -1.7093581E+04  -1.7172828E+04  -1.7252429E+04  -1.7332372E+04
  -1.7412647E+04  -1.7493247E+04  -1.7574162E+04  -1.7655377E+04  -1.7736887E+04
  -1.7818684E+04  -1.7900752E+04  -1.7983082E+04  -1.8065671E+04  -1.8148511E+04
  -1.8231584E+04  -1.8314882E+04  -1.8398398E+04  -1.8482120E+04  -1.8566034E+04
  -1.8650131E+04  -1.8734403E+04  -1.8818839E+04  -1.8903424E+04  -1.8988152E+04
  -1.9073015E+04  -1.9158002E+04  -1.9243102E+04  -1.9328305E+04  -1.9413601E+04
  -1.9498980E+04  -1.9584434E+04  -1.9669951E+04  -1.9755517E+04  -1.9841129E+04
  -1.9926777E+04  -2.0012448E+04  -2.0098128E+04  -2.0183810E+04  -2.0269493E+04
  -2.0355160E+04  -2.0440794E+04  -2.0526381E+04  -2.0611925E+04  -2.0697409E+04
  -2.0782814E+04  -2.0868119E+04  -2.0953320E+04  -2.1038412E+04  -2.1123373E+04
  -2.1208179E+04  -2.1292807E+04  -2.1377262E+04  -2.1461526E+04  -2.1545574E+04
  -2.1629380E+04  -2.1712922E+04  -2.1796199E+04  -2.1879191E+04  -2.1961871E+04
  -2.2044212E+04  -2.2126185E+04  -2.2207784E+04  -2.2288991E+04  -2.2369777E+04
  -2.2450113E+04  -2.2529969E+04  -2.2609319E+04  -2.2688155E+04  -2.2766449E+04
   6.1862684E+12   6.7026333E+12   7.4101686E+12   8.0123835E+12   8.5666303E+12
   9.1126214E+12   9.6333578E+12   1.0131299E+13   1.0613103E+13   1.1079704E+13
   1.1531402E+13   1.1969382E+13   1.2394884E+13   1.2808785E+13   1.3211761E+13
   1.3604531E+13   1.3987775E+13   1.4362082E+13   1.4728051E+13   1.5086184E+13
   1.5436940E+13   1.5780757E+13   1.6117975E+13   1.6448694E+13   1.6772727E+13
   1.7089836E+13   1.7399706E+13   1.7701842E+13   1.7995747E+13   1.8280950E+13
   1.8557046E+13   1.8823706E+13   1.9080620E+13   1.9327481E+13   1.9564007E+13
   1.9789950E+13   2.0005070E+13   2.0209152E+13   2.0402016E+13   2.0583506E+13
   2.0753493E+13   2.0911883E+13   2.1058603E+13   2.1193596E+13   2.1316838E+13
   2.1428334E+13   2.1528106E+13   2.1616204E+13   2.1692707E+13   2.1757713E+13
   2.1811336E+13   2.1853725E+13   2.1885051E+13   2.1905500E+13   2.1915280E+13
   2.1914623E+13   2.1903770E+13   2.1882976E+13   2.1852514E+13   2.1812670E+13
   2.1763734E+13   2.1706007E+13   2.1639801E+13   2.1565433E+13   2.1483223E+13
   2.1393495E+13   2.1296577E+13   2.1192796E+13   2.1082473E+13   2.0965934E+13
   2.0843503E+13   2.0715496E+13   2.0582225E+13   2.0443998E+13   2.0301118E+13
   2.0153881E+13   2.0002584E+13   1.9847519E+13   1.9688970E+13   1.9527216E+13
   1.9362527E+13   1.9195163E+13   1.9025379E+13   1.8853423E+13   1.8679536E+13
   1.8503947E+13   1.8326877E+13   1.8148542E+13   1.7969155E+13   1.7788936E+13
   1.7608104E+13   1.7426872E+13   1.7245449E+13   1.7064029E+13   1.6882791E+13
   1.6701875E+13   1.6521407E+13   1.6341508E+13   1.6162282E+13   1.5983828E+13
   1.5806230E+13   1.5629527E+13   1.5453748E+13   1.5278913E+13   1.5105039E+13
   1.4932146E+13   1.4760258E+13   1.4589405E+13   1.4419614E+13   1.4250911E+13
   1.4083322E+13   1.3916877E+13   1.3751606E+13   1.3587546E+13   1.3424732E+13
   1.3263200E+13   1.3102988E+13   1.2944134E+13   1.2786678E+13   1.2630668E+13
   0.0000000E+00   0.0000000E+00   0.0000000E+00   0.0000000E+00   0.0000000E+00
   0.0000000E+00   0.0000000E+00   0.0000000E+00   0.0000000E+00   0.0000000E+00
   0.0000000E+00   0.0000000E+00   0.0000000E+00   0.0000000E+00   0.0000000E+00
   0.0000000E+00   0.0000000E+00   0.0000000E+00   0.0000000E+00   0.0000000E+00
   0.0000000E+00   0.0000000E+00   0.0000000E+00   0.0000000E+00   0.0000000E+00
   0.0000000E+00   0.0000000E+00   0.0000000E+00   0.0000000E+00   0.0000000E+00
   0.0000000E+00   0.0000000E+00   0.0000000E+00   0.0000000E+00   0.0000000E+00
   0.0000000E+00   0.0000000E+00   0.0000000E+00   0.0000000E+00   0.0000000E+00
   0.0000000E+00   0.0000000E+00   0.0000000E+00   0.0000000E+00   0.0000000E+00
   0.0000000E+00   0.0000000E+00   0.0000000E+00   0.0000000E+00   0.0000000E+00
   0.0000000E+00   0.0000000E+00   0.0000000E+00   0.0000000E+00   0.0000000E+00
   0.0000000E+00   0.0000000E+00   0.0000000E+00   0.0000000E+00   0.0000000E+00
   0.0000000E+00   0.0000000E+00   0.0000000E+00   0.0000000E+00   0.0000000E+00
   0.0000000E+00   0.0000000E+00   0.0000000E+00   0.0000000E+00   0.0000000E+00
   0.0000000E+00   0.0000000E+00   0.0000000E+00   0.0000000E+00   0.0000000E+00
   0.0000000E+00   0.0000000E+00   0.0000000E+00   0.0000000E+00   0.0000000E+00
   0.0000000E+00   0.0000000E+00   0.0000000E+00   0.0000000E+00   0.0000000E+00
   0.0000000E+00   0.0000000E+00   0.0000000E+00   0.0000000E+00   0.0000000E+00
   0.0000000E+00   0.0000000E+00   0.0000000E+00   0.0000000E+00   0.0000000E+00
   0.0000000E+00   0.0000000E+00   0.0000000E+00   0.0000000E+00   0.0000000E+00
   0.0000000E+00   0.0000000E+00   0.0000000E+00   0.0000000E+00   0.0000000E+00
   0.0000000E+00   0.0000000E+00   0.0000000E+00   0.0000000E+00   0.0000000E+00
   0.0000000E+00   0.0000000E+00   0.0000000E+00   0.0000000E+00   0.0000000E+00
   0.0000000E+00   0.0000000E+00   0.0000000E+00   0.0000000E+00   0.0000000E+00
   1.3666017E-08   2.1020962E-08   5.8765465E-08   9.1245060E-08   1.1368291E-07
   1.3092095E-07   1.3682480E-07   1.3349897E-07   1.2464130E-07   1.1202201E-07
   9.7381771E-08   8.2526461E-08   6.8837560E-08   5.7075652E-08   4.7443883E-08
   3.9743330E-08   3.3756070E-08   2.9103118E-08   2.5438632E-08   2.2500211E-08
   2.0105102E-08   1.8134175E-08   1.6488824E-08   1.5088438E-08   1.3866882E-08
   1.2773916E-08   1.1771924E-08   1.0831511E-08   9.9320793E-09   9.0611318E-09
   8.2139916E-09   7.3916441E-09   6.5961904E-09   5.8311920E-09   5.1015344E-09
   4.4126642E-09   3.7699733E-09   3.1786058E-09   2.6426639E-09   2.1647973E-09
   1.7462090E-09   1.3857931E-09   1.0812677E-09   8.2886395E-10   6.2383755E-10
   4.6065792E-10   3.3348073E-10   2.3651554E-10   1.6422147E-10   1.1407619E-10
   3.1840356E-10   6.6550108E-09   8.6437988E-08   6.9878255E-07   4.0019082E-06
   1.7652043E-05   6.3430007E-05   1.9320160E-04   5.1359490E-04   1.2181925E-03
   2.6227217E-03   5.1956213E-03   9.5745758E-03   1.6560332E-02   2.7082281E-02
   4.2131074E-02   6.2676262E-02   8.9550400E-02   1.2334179E-01   1.6429086E-01
   2.1221798E-01   2.6649731E-01   3.2593770E-01   3.8895565E-01   4.5363036E-01
   5.1767903E-01   5.7868379E-01   6.3418251E-01   6.8181830E-01   7.1948363E-01
   7.4545517E-01   7.5853720E-01   7.5813349E-01   7.4429285E-01   7.1772127E-01
   6.7973179E-01   6.3215504E-01   5.7720867E-01   5.1733297E-01   4.5500861E-01
   3.9262786E-01   3.3232837E-01   2.7584235E-01   2.2446579E-01   1.7901313E-01
   1.3988323E-01   1.0707276E-01   8.0252056E-02   5.8876817E-02   4.2267861E-02
   2.9681828E-02   2.0381937E-02   1.3679239E-02   8.9694715E-03   5.7437166E-03
   3.5907928E-03   2.1908473E-03   1.3040047E-03   7.5694998E-04   4.2844202E-04
   2.3642626E-04   1.2718826E-04   6.6687186E-05   3.4067841E-05   1.6953105E-05
   8.2158055E-06   3.8764950E-06   1.7802891E-06   7.9538976E-07   3.4554821E-07