VERSION01.001.031
*cf:    int                1    ns                              
          9
*cf:    char             120    label                           
 b2mn     B2 bjb99/7  SOLPS 5.00   2016-12-06  14:32 samaddarD3D : no drifts : D only : 110223.2570 (H-mode) : B2.5-Eiren
*cf:    real               9    zamin                           
  0.0000000000000E+000  1.0000000000000E+000  0.0000000000000E+000  1.0000000000000E+000  2.0000000000000E+000  3.0000000000000E+000
  4.0000000000000E+000  5.0000000000000E+000  6.0000000000000E+000
*cf:    real               9    zamax                           
  0.0000000000000E+000  1.0000000000000E+000  0.0000000000000E+000  1.0000000000000E+000  2.0000000000000E+000  3.0000000000000E+000
  4.0000000000000E+000  5.0000000000000E+000  6.0000000000000E+000
*cf:    real               9    zn                              
  1.0000000000000E+000  1.0000000000000E+000  6.0000000000000E+000  6.0000000000000E+000  6.0000000000000E+000  6.0000000000000E+000
  6.0000000000000E+000  6.0000000000000E+000  6.0000000000000E+000
*cf:    real               9    am                              
  2.0000000000000E+000  2.0000000000000E+000  1.2011000000000E+001  1.2011000000000E+001  1.2011000000000E+001  1.2011000000000E+001
  1.2011000000000E+001  1.2011000000000E+001  1.2011000000000E+001
*cf:    int                8    cbir,cbnr                       
          0          3          4          5          3          1          1          1
*cf:    real               6    cbrbrk                          
  2.5000000000000E-001  7.5000000000000E-001  2.0000000000000E+000  2.0000000000000E+000  2.0000000000000E+000  2.0000000000000E+000
*cf:    real              72    cbsna                           
  0.0000000000000E+000  0.0000000000000E+000 -1.0000000000000E-002  0.0000000000000E+000  0.0000000000000E+000  0.0000000000000E+000
  0.0000000000000E+000  0.0000000000000E+000  0.0000000000000E+000  0.0000000000000E+000 -1.0000000000000E-003  0.0000000000000E+000
  0.0000000000000E+000  0.0000000000000E+000  0.0000000000000E+000  0.0000000000000E+000  0.0000000000000E+000  0.0000000000000E+000
  0.0000000000000E+000  0.0000000000000E+000  0.0000000000000E+000  0.0000000000000E+000  0.0000000000000E+000  0.0000000000000E+000
  0.0000000000000E+000  0.0000000000000E+000 -1.0000000000000E-003  0.0000000000000E+000  0.0000000000000E+000  0.0000000000000E+000
  0.0000000000000E+000  0.0000000000000E+000  0.0000000000000E+000  0.0000000000000E+000 -1.0000000000000E-003  0.0000000000000E+000
  0.0000000000000E+000  0.0000000000000E+000  0.0000000000000E+000  0.0000000000000E+000  0.0000000000000E+000  0.0000000000000E+000
 -1.0000000000000E-003  0.0000000000000E+000  0.0000000000000E+000  0.0000000000000E+000  0.0000000000000E+000  0.0000000000000E+000
  0.0000000000000E+000  0.0000000000000E+000 -1.0000000000000E-003  0.0000000000000E+000  0.0000000000000E+000  0.0000000000000E+000
  0.0000000000000E+000  0.0000000000000E+000  0.0000000000000E+000  0.0000000000000E+000 -1.0000000000000E-003  0.0000000000000E+000
  0.0000000000000E+000  0.0000000000000E+000  0.0000000000000E+000  0.0000000000000E+000  0.0000000000000E+000  0.0000000000000E+000
 -1.0000000000000E-003  0.0000000000000E+000  0.0000000000000E+000  0.0000000000000E+000  0.0000000000000E+000  0.0000000000000E+000
*cf:    real              72    cbsmo                           
  0.0000000000000E+000  0.0000000000000E+000  0.0000000000000E+000 -1.0000000000000E+010  0.0000000000000E+000  0.0000000000000E+000
 -1.0000000000000E+000  0.0000000000000E+000  0.0000000000000E+000  0.0000000000000E+000  0.0000000000000E+000  0.0000000000000E+000
  0.0000000000000E+000  0.0000000000000E+000 -1.0000000000000E+000  0.0000000000000E+000  0.0000000000000E+000  0.0000000000000E+000
  0.0000000000000E+000 -1.0000000000000E+010  0.0000000000000E+000  0.0000000000000E+000 -1.0000000000000E+000  0.0000000000000E+000
  0.0000000000000E+000  0.0000000000000E+000  0.0000000000000E+000  0.0000000000000E+000  0.0000000000000E+000  0.0000000000000E+000
 -1.0000000000000E+000  0.0000000000000E+000  0.0000000000000E+000  0.0000000000000E+000  0.0000000000000E+000  0.0000000000000E+000
  0.0000000000000E+000  0.0000000000000E+000 -1.0000000000000E+000  0.0000000000000E+000  0.0000000000000E+000  0.0000000000000E+000
  0.0000000000000E+000  0.0000000000000E+000  0.0000000000000E+000  0.0000000000000E+000 -1.0000000000000E+000  0.0000000000000E+000
  0.0000000000000E+000  0.0000000000000E+000  0.0000000000000E+000  0.0000000000000E+000  0.0000000000000E+000  0.0000000000000E+000
 -1.0000000000000E+000  0.0000000000000E+000  0.0000000000000E+000  0.0000000000000E+000  0.0000000000000E+000  0.0000000000000E+000
  0.0000000000000E+000  0.0000000000000E+000 -1.0000000000000E+000  0.0000000000000E+000  0.0000000000000E+000  0.0000000000000E+000
  0.0000000000000E+000  0.0000000000000E+000  0.0000000000000E+000  0.0000000000000E+000 -1.0000000000000E+000  0.0000000000000E+000
*cf:    real              72    cbshi                           
  1.0000000000000E-018 -1.0000000000000E+002 -1.0000000000000E-001  0.0000000000000E+000  0.0000000000000E+000  0.0000000000000E+000
  0.0000000000000E+000 -2.5000000000000E+000  1.0000000000000E-018 -1.0000000000000E+002 -1.0000000000000E-002  0.0000000000000E+000
  0.0000000000000E+000  0.0000000000000E+000  0.0000000000000E+000 -2.5000000000000E+000  1.0000000000000E-018 -1.0000000000000E+002
 -1.0000000000000E-001  0.0000000000000E+000  0.0000000000000E+000  0.0000000000000E+000  0.0000000000000E+000 -2.5000000000000E+000
  1.0000000000000E-018 -1.0000000000000E+002 -1.0000000000000E-002  0.0000000000000E+000  0.0000000000000E+000  0.0000000000000E+000
  0.0000000000000E+000 -2.5000000000000E+000  1.0000000000000E-018 -1.0000000000000E+002 -1.0000000000000E-002  0.0000000000000E+000
  0.0000000000000E+000  0.0000000000000E+000  0.0000000000000E+000 -2.5000000000000E+000  1.0000000000000E-018 -1.0000000000000E+002
 -1.0000000000000E-002  0.0000000000000E+000  0.0000000000000E+000  0.0000000000000E+000  0.0000000000000E+000 -2.5000000000000E+000
  1.0000000000000E-018 -1.0000000000000E+002 -1.0000000000000E-002  0.0000000000000E+000  0.0000000000000E+000  0.0000000000000E+000
  0.0000000000000E+000 -2.5000000000000E+000  1.0000000000000E-018 -1.0000000000000E+002 -1.0000000000000E-002  0.0000000000000E+000
  0.0000000000000E+000  0.0000000000000E+000  0.0000000000000E+000 -2.5000000000000E+000  1.0000000000000E-018 -1.0000000000000E+002
 -1.0000000000000E-002  0.0000000000000E+000  0.0000000000000E+000  0.0000000000000E+000  0.0000000000000E+000 -2.5000000000000E+000
*cf:    real               8    cbshe                           
  1.0000000000000E-018 -1.0000000000000E+002 -1.0000000000000E-004  0.0000000000000E+000  0.0000000000000E+000  0.0000000000000E+000
  0.0000000000000E+000 -2.5000000000000E+000
*cf:    real               8    cbsch                           
  0.0000000000000E+000  0.0000000000000E+000  0.0000000000000E+000  0.0000000000000E+000  0.0000000000000E+000  0.0000000000000E+000
  0.0000000000000E+000  0.0000000000000E+000
*cf:    real              72    cbrec                           
  0.0000000000000E+000  0.0000000000000E+000  0.0000000000000E+000  0.0000000000000E+000  0.0000000000000E+000  0.0000000000000E+000
  0.0000000000000E+000  0.0000000000000E+000  1.0000000000000E+000  3.0000000000000E-001  0.0000000000000E+000  0.0000000000000E+000
  0.0000000000000E+000  0.0000000000000E+000  0.0000000000000E+000  0.0000000000000E+000  0.0000000000000E+000  0.0000000000000E+000
  0.0000000000000E+000  0.0000000000000E+000  0.0000000000000E+000  0.0000000000000E+000  0.0000000000000E+000  0.0000000000000E+000
  0.0000000000000E+000  0.0000000000000E+000  0.0000000000000E+000  0.0000000000000E+000  0.0000000000000E+000  0.0000000000000E+000
  0.0000000000000E+000  0.0000000000000E+000  0.0000000000000E+000  0.0000000000000E+000  0.0000000000000E+000  0.0000000000000E+000
  0.0000000000000E+000  0.0000000000000E+000  0.0000000000000E+000  0.0000000000000E+000  0.0000000000000E+000  0.0000000000000E+000
  0.0000000000000E+000  0.0000000000000E+000  0.0000000000000E+000  0.0000000000000E+000  0.0000000000000E+000  0.0000000000000E+000
  0.0000000000000E+000  0.0000000000000E+000  0.0000000000000E+000  0.0000000000000E+000  0.0000000000000E+000  0.0000000000000E+000
  0.0000000000000E+000  0.0000000000000E+000  0.0000000000000E+000  0.0000000000000E+000  0.0000000000000E+000  0.0000000000000E+000
  0.0000000000000E+000  0.0000000000000E+000  0.0000000000000E+000  0.0000000000000E+000  0.0000000000000E+000  0.0000000000000E+000
  0.0000000000000E+000  0.0000000000000E+000  0.0000000000000E+000  0.0000000000000E+000  0.0000000000000E+000  0.0000000000000E+000
*cf:    real               8    cbmsa                           
  0.0000000000000E+000  0.0000000000000E+000  0.0000000000000E+000  0.0000000000000E+000  0.0000000000000E+000  0.0000000000000E+000
  0.0000000000000E+000  0.0000000000000E+000
*cf:    real              72    cbmsb                           
  0.0000000000000E+000  0.0000000000000E+000  0.0000000000000E+000  0.0000000000000E+000  0.0000000000000E+000  0.0000000000000E+000
  0.0000000000000E+000  0.0000000000000E+000  0.0000000000000E+000  0.0000000000000E+000  0.0000000000000E+000  0.0000000000000E+000
  0.0000000000000E+000  0.0000000000000E+000  0.0000000000000E+000  0.0000000000000E+000  0.0000000000000E+000  0.0000000000000E+000
  0.0000000000000E+000  0.0000000000000E+000  0.0000000000000E+000  0.0000000000000E+000  0.0000000000000E+000  0.0000000000000E+000
  0.0000000000000E+000  0.0000000000000E+000  0.0000000000000E+000  0.0000000000000E+000  0.0000000000000E+000  0.0000000000000E+000
  0.0000000000000E+000  0.0000000000000E+000  0.0000000000000E+000  0.0000000000000E+000  0.0000000000000E+000  0.0000000000000E+000
  0.0000000000000E+000  0.0000000000000E+000  0.0000000000000E+000  0.0000000000000E+000  0.0000000000000E+000  0.0000000000000E+000
  0.0000000000000E+000  0.0000000000000E+000  0.0000000000000E+000  0.0000000000000E+000  0.0000000000000E+000  0.0000000000000E+000
  0.0000000000000E+000  0.0000000000000E+000  0.0000000000000E+000  0.0000000000000E+000  0.0000000000000E+000  0.0000000000000E+000
  0.0000000000000E+000  0.0000000000000E+000  0.0000000000000E+000  0.0000000000000E+000  0.0000000000000E+000  0.0000000000000E+000
  0.0000000000000E+000  0.0000000000000E+000  0.0000000000000E+000  0.0000000000000E+000  0.0000000000000E+000  0.0000000000000E+000
  0.0000000000000E+000  0.0000000000000E+000  0.0000000000000E+000  0.0000000000000E+000  0.0000000000000E+000  0.0000000000000E+000
*cf:    real              72    cbsna                           
  0.0000000000000E+000 -1.0000000000000E+010  0.0000000000000E+000  0.0000000000000E+000  0.0000000000000E+000  0.0000000000000E+000
  0.0000000000000E+000  0.0000000000000E+000  4.0000000000000E+029 -1.0000000000000E+010  0.0000000000000E+000  0.0000000000000E+000
  0.0000000000000E+000  0.0000000000000E+000  0.0000000000000E+000  0.0000000000000E+000  0.0000000000000E+000  0.0000000000000E+000
  0.0000000000000E+000  0.0000000000000E+000  0.0000000000000E+000  0.0000000000000E+000  0.0000000000000E+000  0.0000000000000E+000
  0.0000000000000E+000  0.0000000000000E+000  0.0000000000000E+000  0.0000000000000E+000  0.0000000000000E+000  0.0000000000000E+000
  0.0000000000000E+000  0.0000000000000E+000  0.0000000000000E+000  0.0000000000000E+000  0.0000000000000E+000  0.0000000000000E+000
  0.0000000000000E+000  0.0000000000000E+000  0.0000000000000E+000  0.0000000000000E+000  0.0000000000000E+000  0.0000000000000E+000
  0.0000000000000E+000  0.0000000000000E+000  0.0000000000000E+000  0.0000000000000E+000  0.0000000000000E+000  0.0000000000000E+000
  0.0000000000000E+000  0.0000000000000E+000  0.0000000000000E+000  0.0000000000000E+000  0.0000000000000E+000  0.0000000000000E+000
  0.0000000000000E+000  0.0000000000000E+000  0.0000000000000E+000  0.0000000000000E+000  0.0000000000000E+000  0.0000000000000E+000
  0.0000000000000E+000  0.0000000000000E+000  0.0000000000000E+000  0.0000000000000E+000  0.0000000000000E+000  0.0000000000000E+000
  0.0000000000000E+000  0.0000000000000E+000  0.0000000000000E+000  0.0000000000000E+000  0.0000000000000E+000  0.0000000000000E+000
*cf:    real              72    cbsmo                           
  0.0000000000000E+000  0.0000000000000E+000  0.0000000000000E+000 -1.0000000000000E+010  0.0000000000000E+000  0.0000000000000E+000
  0.0000000000000E+000  0.0000000000000E+000  0.0000000000000E+000  0.0000000000000E+000  0.0000000000000E+000 -1.0000000000000E+010
  0.0000000000000E+000  0.0000000000000E+000  0.0000000000000E+000  0.0000000000000E+000  0.0000000000000E+000  0.0000000000000E+000
  0.0000000000000E+000 -1.0000000000000E+010  0.0000000000000E+000  0.0000000000000E+000  0.0000000000000E+000  0.0000000000000E+000
  0.0000000000000E+000  0.0000000000000E+000  0.0000000000000E+000 -1.0000000000000E+010  0.0000000000000E+000  0.0000000000000E+000
  0.0000000000000E+000  0.0000000000000E+000  0.0000000000000E+000  0.0000000000000E+000  0.0000000000000E+000 -1.0000000000000E+010
  0.0000000000000E+000  0.0000000000000E+000  0.0000000000000E+000  0.0000000000000E+000  0.0000000000000E+000  0.0000000000000E+000
  0.0000000000000E+000 -1.0000000000000E+010  0.0000000000000E+000  0.0000000000000E+000  0.0000000000000E+000  0.0000000000000E+000
  0.0000000000000E+000  0.0000000000000E+000  0.0000000000000E+000 -1.0000000000000E+010  0.0000000000000E+000  0.0000000000000E+000
  0.0000000000000E+000  0.0000000000000E+000  0.0000000000000E+000  0.0000000000000E+000  0.0000000000000E+000 -1.0000000000000E+010
  0.0000000000000E+000  0.0000000000000E+000  0.0000000000000E+000  0.0000000000000E+000  0.0000000000000E+000  0.0000000000000E+000
  0.0000000000000E+000 -1.0000000000000E+010  0.0000000000000E+000  0.0000000000000E+000  0.0000000000000E+000  0.0000000000000E+000
*cf:    real              72    cbshi                           
  5.1500000000000E+003  0.0000000000000E+000  0.0000000000000E+000  0.0000000000000E+000  0.0000000000000E+000  0.0000000000000E+000
  0.0000000000000E+000 -2.5000000000000E+000  5.1500000000000E+003  0.0000000000000E+000  0.0000000000000E+000  0.0000000000000E+000
  0.0000000000000E+000  0.0000000000000E+000  0.0000000000000E+000 -2.5000000000000E+000  5.1500000000000E+003  0.0000000000000E+000
  0.0000000000000E+000  0.0000000000000E+000  0.0000000000000E+000  0.0000000000000E+000  0.0000000000000E+000 -2.5000000000000E+000
  5.1500000000000E+003  0.0000000000000E+000  0.0000000000000E+000  0.0000000000000E+000  0.0000000000000E+000  0.0000000000000E+000
  0.0000000000000E+000 -2.5000000000000E+000  5.1500000000000E+003  0.0000000000000E+000  0.0000000000000E+000  0.0000000000000E+000
  0.0000000000000E+000  0.0000000000000E+000  0.0000000000000E+000 -2.5000000000000E+000  5.1500000000000E+003  0.0000000000000E+000
  0.0000000000000E+000  0.0000000000000E+000  0.0000000000000E+000  0.0000000000000E+000  0.0000000000000E+000 -2.5000000000000E+000
  5.1500000000000E+003  0.0000000000000E+000  0.0000000000000E+000  0.0000000000000E+000  0.0000000000000E+000  0.0000000000000E+000
  0.0000000000000E+000 -2.5000000000000E+000  5.1500000000000E+003  0.0000000000000E+000  0.0000000000000E+000  0.0000000000000E+000
  0.0000000000000E+000  0.0000000000000E+000  0.0000000000000E+000 -2.5000000000000E+000  5.1500000000000E+003  0.0000000000000E+000
  0.0000000000000E+000  0.0000000000000E+000  0.0000000000000E+000  0.0000000000000E+000  0.0000000000000E+000 -2.5000000000000E+000
*cf:    real               8    cbshe                           
  5.1500000000000E+003  0.0000000000000E+000  0.0000000000000E+000  0.0000000000000E+000  0.0000000000000E+000  0.0000000000000E+000
  0.0000000000000E+000 -2.5000000000000E+000
*cf:    real               8    cbsch                           
  0.0000000000000E+000  0.0000000000000E+000  0.0000000000000E+000  0.0000000000000E+000  0.0000000000000E+000  0.0000000000000E+000
  0.0000000000000E+000  0.0000000000000E+000
*cf:    real              72    cbrec                           
  0.0000000000000E+000  0.0000000000000E+000  0.0000000000000E+000  0.0000000000000E+000  0.0000000000000E+000  0.0000000000000E+000
  0.0000000000000E+000  0.0000000000000E+000  0.0000000000000E+000  0.0000000000000E+000  0.0000000000000E+000  0.0000000000000E+000
  0.0000000000000E+000  0.0000000000000E+000  0.0000000000000E+000  0.0000000000000E+000  0.0000000000000E+000  0.0000000000000E+000
  0.0000000000000E+000  0.0000000000000E+000  0.0000000000000E+000  0.0000000000000E+000  0.0000000000000E+000  0.0000000000000E+000
  0.0000000000000E+000  0.0000000000000E+000  0.0000000000000E+000  0.0000000000000E+000  0.0000000000000E+000  0.0000000000000E+000
  0.0000000000000E+000  0.0000000000000E+000  0.0000000000000E+000  0.0000000000000E+000  0.0000000000000E+000  0.0000000000000E+000
  0.0000000000000E+000  0.0000000000000E+000  0.0000000000000E+000  0.0000000000000E+000  0.0000000000000E+000  0.0000000000000E+000
  0.0000000000000E+000  0.0000000000000E+000  0.0000000000000E+000  0.0000000000000E+000  0.0000000000000E+000  0.0000000000000E+000
  0.0000000000000E+000  0.0000000000000E+000  0.0000000000000E+000  0.0000000000000E+000  0.0000000000000E+000  0.0000000000000E+000
  0.0000000000000E+000  0.0000000000000E+000  0.0000000000000E+000  0.0000000000000E+000  0.0000000000000E+000  0.0000000000000E+000
  0.0000000000000E+000  0.0000000000000E+000  0.0000000000000E+000  0.0000000000000E+000  0.0000000000000E+000  0.0000000000000E+000
  0.0000000000000E+000  0.0000000000000E+000  0.0000000000000E+000  0.0000000000000E+000  0.0000000000000E+000  0.0000000000000E+000
*cf:    real               8    cbmsa                           
  0.0000000000000E+000  0.0000000000000E+000  0.0000000000000E+000  0.0000000000000E+000  0.0000000000000E+000  0.0000000000000E+000
  0.0000000000000E+000  0.0000000000000E+000
*cf:    real              72    cbmsb                           
  0.0000000000000E+000  0.0000000000000E+000  0.0000000000000E+000  0.0000000000000E+000  0.0000000000000E+000  0.0000000000000E+000
  0.0000000000000E+000  0.0000000000000E+000  0.0000000000000E+000  0.0000000000000E+000  0.0000000000000E+000  0.0000000000000E+000
  0.0000000000000E+000  0.0000000000000E+000  0.0000000000000E+000  0.0000000000000E+000  0.0000000000000E+000  0.0000000000000E+000
  0.0000000000000E+000  0.0000000000000E+000  0.0000000000000E+000  0.0000000000000E+000  0.0000000000000E+000  0.0000000000000E+000
  0.0000000000000E+000  0.0000000000000E+000  0.0000000000000E+000  0.0000000000000E+000  0.0000000000000E+000  0.0000000000000E+000
  0.0000000000000E+000  0.0000000000000E+000  0.0000000000000E+000  0.0000000000000E+000  0.0000000000000E+000  0.0000000000000E+000
  0.0000000000000E+000  0.0000000000000E+000  0.0000000000000E+000  0.0000000000000E+000  0.0000000000000E+000  0.0000000000000E+000
  0.0000000000000E+000  0.0000000000000E+000  0.0000000000000E+000  0.0000000000000E+000  0.0000000000000E+000  0.0000000000000E+000
  0.0000000000000E+000  0.0000000000000E+000  0.0000000000000E+000  0.0000000000000E+000  0.0000000000000E+000  0.0000000000000E+000
  0.0000000000000E+000  0.0000000000000E+000  0.0000000000000E+000  0.0000000000000E+000  0.0000000000000E+000  0.0000000000000E+000
  0.0000000000000E+000  0.0000000000000E+000  0.0000000000000E+000  0.0000000000000E+000  0.0000000000000E+000  0.0000000000000E+000
  0.0000000000000E+000  0.0000000000000E+000  0.0000000000000E+000  0.0000000000000E+000  0.0000000000000E+000  0.0000000000000E+000
*cf:    real              72    cbsna                           
  0.0000000000000E+000  0.0000000000000E+000 -1.0000000000000E-002  0.0000000000000E+000  0.0000000000000E+000  0.0000000000000E+000
  0.0000000000000E+000  0.0000000000000E+000  0.0000000000000E+000  0.0000000000000E+000 -1.0000000000000E-003  0.0000000000000E+000
  0.0000000000000E+000  0.0000000000000E+000  0.0000000000000E+000  0.0000000000000E+000  0.0000000000000E+000  0.0000000000000E+000
  0.0000000000000E+000  0.0000000000000E+000  0.0000000000000E+000  0.0000000000000E+000  0.0000000000000E+000  0.0000000000000E+000
  0.0000000000000E+000  0.0000000000000E+000 -1.0000000000000E-003  0.0000000000000E+000  0.0000000000000E+000  0.0000000000000E+000
  0.0000000000000E+000  0.0000000000000E+000  0.0000000000000E+000  0.0000000000000E+000 -1.0000000000000E-003  0.0000000000000E+000
  0.0000000000000E+000  0.0000000000000E+000  0.0000000000000E+000  0.0000000000000E+000  0.0000000000000E+000  0.0000000000000E+000
 -1.0000000000000E-003  0.0000000000000E+000  0.0000000000000E+000  0.0000000000000E+000  0.0000000000000E+000  0.0000000000000E+000
  0.0000000000000E+000  0.0000000000000E+000 -1.0000000000000E-003  0.0000000000000E+000  0.0000000000000E+000  0.0000000000000E+000
  0.0000000000000E+000  0.0000000000000E+000  0.0000000000000E+000  0.0000000000000E+000 -1.0000000000000E-003  0.0000000000000E+000
  0.0000000000000E+000  0.0000000000000E+000  0.0000000000000E+000  0.0000000000000E+000  0.0000000000000E+000  0.0000000000000E+000
 -1.0000000000000E-003  0.0000000000000E+000  0.0000000000000E+000  0.0000000000000E+000  0.0000000000000E+000  0.0000000000000E+000
*cf:    real              72    cbsmo                           
  0.0000000000000E+000  0.0000000000000E+000  0.0000000000000E+000 -1.0000000000000E+010  0.0000000000000E+000  0.0000000000000E+000
 -1.0000000000000E+000  0.0000000000000E+000  0.0000000000000E+000  0.0000000000000E+000  0.0000000000000E+000  0.0000000000000E+000
  0.0000000000000E+000  0.0000000000000E+000 -1.0000000000000E+000  0.0000000000000E+000  0.0000000000000E+000  0.0000000000000E+000
  0.0000000000000E+000 -1.0000000000000E+010  0.0000000000000E+000  0.0000000000000E+000 -1.0000000000000E+000  0.0000000000000E+000
  0.0000000000000E+000  0.0000000000000E+000  0.0000000000000E+000  0.0000000000000E+000  0.0000000000000E+000  0.0000000000000E+000
 -1.0000000000000E+000  0.0000000000000E+000  0.0000000000000E+000  0.0000000000000E+000  0.0000000000000E+000  0.0000000000000E+000
  0.0000000000000E+000  0.0000000000000E+000 -1.0000000000000E+000  0.0000000000000E+000  0.0000000000000E+000  0.0000000000000E+000
  0.0000000000000E+000  0.0000000000000E+000  0.0000000000000E+000  0.0000000000000E+000 -1.0000000000000E+000  0.0000000000000E+000
  0.0000000000000E+000  0.0000000000000E+000  0.0000000000000E+000  0.0000000000000E+000  0.0000000000000E+000  0.0000000000000E+000
 -1.0000000000000E+000  0.0000000000000E+000  0.0000000000000E+000  0.0000000000000E+000  0.0000000000000E+000  0.0000000000000E+000
  0.0000000000000E+000  0.0000000000000E+000 -1.0000000000000E+000  0.0000000000000E+000  0.0000000000000E+000  0.0000000000000E+000
  0.0000000000000E+000  0.0000000000000E+000  0.0000000000000E+000  0.0000000000000E+000 -1.0000000000000E+000  0.0000000000000E+000
*cf:    real              72    cbshi                           
  1.0000000000000E-018 -1.0000000000000E+002 -1.0000000000000E-001  0.0000000000000E+000  0.0000000000000E+000  0.0000000000000E+000
  0.0000000000000E+000 -2.5000000000000E+000  1.0000000000000E-018 -1.0000000000000E+002 -1.0000000000000E-002  0.0000000000000E+000
  0.0000000000000E+000  0.0000000000000E+000  0.0000000000000E+000 -2.5000000000000E+000  1.0000000000000E-018 -1.0000000000000E+002
 -1.0000000000000E-001  0.0000000000000E+000  0.0000000000000E+000  0.0000000000000E+000  0.0000000000000E+000 -2.5000000000000E+000
  1.0000000000000E-018 -1.0000000000000E+002 -1.0000000000000E-002  0.0000000000000E+000  0.0000000000000E+000  0.0000000000000E+000
  0.0000000000000E+000 -2.5000000000000E+000  1.0000000000000E-018 -1.0000000000000E+002 -1.0000000000000E-002  0.0000000000000E+000
  0.0000000000000E+000  0.0000000000000E+000  0.0000000000000E+000 -2.5000000000000E+000  1.0000000000000E-018 -1.0000000000000E+002
 -1.0000000000000E-002  0.0000000000000E+000  0.0000000000000E+000  0.0000000000000E+000  0.0000000000000E+000 -2.5000000000000E+000
  1.0000000000000E-018 -1.0000000000000E+002 -1.0000000000000E-002  0.0000000000000E+000  0.0000000000000E+000  0.0000000000000E+000
  0.0000000000000E+000 -2.5000000000000E+000  1.0000000000000E-018 -1.0000000000000E+002 -1.0000000000000E-002  0.0000000000000E+000
  0.0000000000000E+000  0.0000000000000E+000  0.0000000000000E+000 -2.5000000000000E+000  1.0000000000000E-018 -1.0000000000000E+002
 -1.0000000000000E-002  0.0000000000000E+000  0.0000000000000E+000  0.0000000000000E+000  0.0000000000000E+000 -2.5000000000000E+000
*cf:    real               8    cbshe                           
  1.0000000000000E-018 -1.0000000000000E+002 -1.0000000000000E-004  0.0000000000000E+000  0.0000000000000E+000  0.0000000000000E+000
  0.0000000000000E+000 -2.5000000000000E+000
*cf:    real               8    cbsch                           
  0.0000000000000E+000  0.0000000000000E+000  0.0000000000000E+000  0.0000000000000E+000  0.0000000000000E+000  0.0000000000000E+000
  0.0000000000000E+000  0.0000000000000E+000
*cf:    real              72    cbrec                           
  0.0000000000000E+000  0.0000000000000E+000  0.0000000000000E+000  0.0000000000000E+000  0.0000000000000E+000  0.0000000000000E+000
  0.0000000000000E+000  0.0000000000000E+000  1.0000000000000E+000  3.0000000000000E-001  0.0000000000000E+000  0.0000000000000E+000
  0.0000000000000E+000  0.0000000000000E+000  0.0000000000000E+000  0.0000000000000E+000  0.0000000000000E+000  0.0000000000000E+000
  0.0000000000000E+000  0.0000000000000E+000  0.0000000000000E+000  0.0000000000000E+000  0.0000000000000E+000  0.0000000000000E+000
  0.0000000000000E+000  0.0000000000000E+000  0.0000000000000E+000  0.0000000000000E+000  0.0000000000000E+000  0.0000000000000E+000
  0.0000000000000E+000  0.0000000000000E+000  0.0000000000000E+000  0.0000000000000E+000  0.0000000000000E+000  0.0000000000000E+000
  0.0000000000000E+000  0.0000000000000E+000  0.0000000000000E+000  0.0000000000000E+000  0.0000000000000E+000  0.0000000000000E+000
  0.0000000000000E+000  0.0000000000000E+000  0.0000000000000E+000  0.0000000000000E+000  0.0000000000000E+000  0.0000000000000E+000
  0.0000000000000E+000  0.0000000000000E+000  0.0000000000000E+000  0.0000000000000E+000  0.0000000000000E+000  0.0000000000000E+000
  0.0000000000000E+000  0.0000000000000E+000  0.0000000000000E+000  0.0000000000000E+000  0.0000000000000E+000  0.0000000000000E+000
  0.0000000000000E+000  0.0000000000000E+000  0.0000000000000E+000  0.0000000000000E+000  0.0000000000000E+000  0.0000000000000E+000
  0.0000000000000E+000  0.0000000000000E+000  0.0000000000000E+000  0.0000000000000E+000  0.0000000000000E+000  0.0000000000000E+000
*cf:    real               8    cbmsa                           
  0.0000000000000E+000  0.0000000000000E+000  0.0000000000000E+000  0.0000000000000E+000  0.0000000000000E+000  0.0000000000000E+000
  0.0000000000000E+000  0.0000000000000E+000
*cf:    real              72    cbmsb                           
  0.0000000000000E+000  0.0000000000000E+000  0.0000000000000E+000  0.0000000000000E+000  0.0000000000000E+000  0.0000000000000E+000
  0.0000000000000E+000  0.0000000000000E+000  0.0000000000000E+000  0.0000000000000E+000  0.0000000000000E+000  0.0000000000000E+000
  0.0000000000000E+000  0.0000000000000E+000  0.0000000000000E+000  0.0000000000000E+000  0.0000000000000E+000  0.0000000000000E+000
  0.0000000000000E+000  0.0000000000000E+000  0.0000000000000E+000  0.0000000000000E+000  0.0000000000000E+000  0.0000000000000E+000
  0.0000000000000E+000  0.0000000000000E+000  0.0000000000000E+000  0.0000000000000E+000  0.0000000000000E+000  0.0000000000000E+000
  0.0000000000000E+000  0.0000000000000E+000  0.0000000000000E+000  0.0000000000000E+000  0.0000000000000E+000  0.0000000000000E+000
  0.0000000000000E+000  0.0000000000000E+000  0.0000000000000E+000  0.0000000000000E+000  0.0000000000000E+000  0.0000000000000E+000
  0.0000000000000E+000  0.0000000000000E+000  0.0000000000000E+000  0.0000000000000E+000  0.0000000000000E+000  0.0000000000000E+000
  0.0000000000000E+000  0.0000000000000E+000  0.0000000000000E+000  0.0000000000000E+000  0.0000000000000E+000  0.0000000000000E+000
  0.0000000000000E+000  0.0000000000000E+000  0.0000000000000E+000  0.0000000000000E+000  0.0000000000000E+000  0.0000000000000E+000
  0.0000000000000E+000  0.0000000000000E+000  0.0000000000000E+000  0.0000000000000E+000  0.0000000000000E+000  0.0000000000000E+000
  0.0000000000000E+000  0.0000000000000E+000  0.0000000000000E+000  0.0000000000000E+000  0.0000000000000E+000  0.0000000000000E+000
*cf:    real              72    cbsna                           
  0.0000000000000E+000  0.0000000000000E+000 -1.0000000000000E-002  0.0000000000000E+000  0.0000000000000E+000  0.0000000000000E+000
  0.0000000000000E+000  0.0000000000000E+000  0.0000000000000E+000  0.0000000000000E+000 -1.0000000000000E-003  0.0000000000000E+000
  0.0000000000000E+000  0.0000000000000E+000  0.0000000000000E+000  0.0000000000000E+000  0.0000000000000E+000  0.0000000000000E+000
  0.0000000000000E+000  0.0000000000000E+000  0.0000000000000E+000  0.0000000000000E+000  0.0000000000000E+000  0.0000000000000E+000
  0.0000000000000E+000  0.0000000000000E+000 -1.0000000000000E-003  0.0000000000000E+000  0.0000000000000E+000  0.0000000000000E+000
  0.0000000000000E+000  0.0000000000000E+000  0.0000000000000E+000  0.0000000000000E+000 -1.0000000000000E-003  0.0000000000000E+000
  0.0000000000000E+000  0.0000000000000E+000  0.0000000000000E+000  0.0000000000000E+000  0.0000000000000E+000  0.0000000000000E+000
 -1.0000000000000E-003  0.0000000000000E+000  0.0000000000000E+000  0.0000000000000E+000  0.0000000000000E+000  0.0000000000000E+000
  0.0000000000000E+000  0.0000000000000E+000 -1.0000000000000E-003  0.0000000000000E+000  0.0000000000000E+000  0.0000000000000E+000
  0.0000000000000E+000  0.0000000000000E+000  0.0000000000000E+000  0.0000000000000E+000 -1.0000000000000E-003  0.0000000000000E+000
  0.0000000000000E+000  0.0000000000000E+000  0.0000000000000E+000  0.0000000000000E+000  0.0000000000000E+000  0.0000000000000E+000
 -1.0000000000000E-003  0.0000000000000E+000  0.0000000000000E+000  0.0000000000000E+000  0.0000000000000E+000  0.0000000000000E+000
*cf:    real              72    cbsmo                           
  0.0000000000000E+000  0.0000000000000E+000  0.0000000000000E+000 -1.0000000000000E+010  0.0000000000000E+000  0.0000000000000E+000
 -1.0000000000000E+000  0.0000000000000E+000  0.0000000000000E+000  0.0000000000000E+000  0.0000000000000E+000  0.0000000000000E+000
  0.0000000000000E+000  0.0000000000000E+000 -1.0000000000000E+000  0.0000000000000E+000  0.0000000000000E+000  0.0000000000000E+000
  0.0000000000000E+000 -1.0000000000000E+010  0.0000000000000E+000  0.0000000000000E+000 -1.0000000000000E+000  0.0000000000000E+000
  0.0000000000000E+000  0.0000000000000E+000  0.0000000000000E+000  0.0000000000000E+000  0.0000000000000E+000  0.0000000000000E+000
 -1.0000000000000E+000  0.0000000000000E+000  0.0000000000000E+000  0.0000000000000E+000  0.0000000000000E+000  0.0000000000000E+000
  0.0000000000000E+000  0.0000000000000E+000 -1.0000000000000E+000  0.0000000000000E+000  0.0000000000000E+000  0.0000000000000E+000
  0.0000000000000E+000  0.0000000000000E+000  0.0000000000000E+000  0.0000000000000E+000 -1.0000000000000E+000  0.0000000000000E+000
  0.0000000000000E+000  0.0000000000000E+000  0.0000000000000E+000  0.0000000000000E+000  0.0000000000000E+000  0.0000000000000E+000
 -1.0000000000000E+000  0.0000000000000E+000  0.0000000000000E+000  0.0000000000000E+000  0.0000000000000E+000  0.0000000000000E+000
  0.0000000000000E+000  0.0000000000000E+000 -1.0000000000000E+000  0.0000000000000E+000  0.0000000000000E+000  0.0000000000000E+000
  0.0000000000000E+000  0.0000000000000E+000  0.0000000000000E+000  0.0000000000000E+000 -1.0000000000000E+000  0.0000000000000E+000
*cf:    real              72    cbshi                           
  1.0000000000000E-018 -1.0000000000000E+002 -1.0000000000000E-001  0.0000000000000E+000  0.0000000000000E+000  0.0000000000000E+000
  0.0000000000000E+000 -2.5000000000000E+000  1.0000000000000E-018 -1.0000000000000E+002 -1.0000000000000E-002  0.0000000000000E+000
  0.0000000000000E+000  0.0000000000000E+000  0.0000000000000E+000 -2.5000000000000E+000  1.0000000000000E-018 -1.0000000000000E+002
 -1.0000000000000E-001  0.0000000000000E+000  0.0000000000000E+000  0.0000000000000E+000  0.0000000000000E+000 -2.5000000000000E+000
  1.0000000000000E-018 -1.0000000000000E+002 -1.0000000000000E-002  0.0000000000000E+000  0.0000000000000E+000  0.0000000000000E+000
  0.0000000000000E+000 -2.5000000000000E+000  1.0000000000000E-018 -1.0000000000000E+002 -1.0000000000000E-002  0.0000000000000E+000
  0.0000000000000E+000  0.0000000000000E+000  0.0000000000000E+000 -2.5000000000000E+000  1.0000000000000E-018 -1.0000000000000E+002
 -1.0000000000000E-002  0.0000000000000E+000  0.0000000000000E+000  0.0000000000000E+000  0.0000000000000E+000 -2.5000000000000E+000
  1.0000000000000E-018 -1.0000000000000E+002 -1.0000000000000E-002  0.0000000000000E+000  0.0000000000000E+000  0.0000000000000E+000
  0.0000000000000E+000 -2.5000000000000E+000  1.0000000000000E-018 -1.0000000000000E+002 -1.0000000000000E-002  0.0000000000000E+000
  0.0000000000000E+000  0.0000000000000E+000  0.0000000000000E+000 -2.5000000000000E+000  1.0000000000000E-018 -1.0000000000000E+002
 -1.0000000000000E-002  0.0000000000000E+000  0.0000000000000E+000  0.0000000000000E+000  0.0000000000000E+000 -2.5000000000000E+000
*cf:    real               8    cbshe                           
  1.0000000000000E-018 -1.0000000000000E+002 -1.0000000000000E-004  0.0000000000000E+000  0.0000000000000E+000  0.0000000000000E+000
  0.0000000000000E+000 -2.5000000000000E+000
*cf:    real               8    cbsch                           
  0.0000000000000E+000  0.0000000000000E+000  0.0000000000000E+000  0.0000000000000E+000  0.0000000000000E+000  0.0000000000000E+000
  0.0000000000000E+000  0.0000000000000E+000
*cf:    real              72    cbrec                           
  0.0000000000000E+000  0.0000000000000E+000  0.0000000000000E+000  0.0000000000000E+000  0.0000000000000E+000  0.0000000000000E+000
  0.0000000000000E+000  0.0000000000000E+000  1.0000000000000E+000  3.0000000000000E-001  0.0000000000000E+000  0.0000000000000E+000
  0.0000000000000E+000  0.0000000000000E+000  0.0000000000000E+000  0.0000000000000E+000  0.0000000000000E+000  0.0000000000000E+000
  0.0000000000000E+000  0.0000000000000E+000  0.0000000000000E+000  0.0000000000000E+000  0.0000000000000E+000  0.0000000000000E+000
  0.0000000000000E+000  0.0000000000000E+000  0.0000000000000E+000  0.0000000000000E+000  0.0000000000000E+000  0.0000000000000E+000
  0.0000000000000E+000  0.0000000000000E+000  0.0000000000000E+000  0.0000000000000E+000  0.0000000000000E+000  0.0000000000000E+000
  0.0000000000000E+000  0.0000000000000E+000  0.0000000000000E+000  0.0000000000000E+000  0.0000000000000E+000  0.0000000000000E+000
  0.0000000000000E+000  0.0000000000000E+000  0.0000000000000E+000  0.0000000000000E+000  0.0000000000000E+000  0.0000000000000E+000
  0.0000000000000E+000  0.0000000000000E+000  0.0000000000000E+000  0.0000000000000E+000  0.0000000000000E+000  0.0000000000000E+000
  0.0000000000000E+000  0.0000000000000E+000  0.0000000000000E+000  0.0000000000000E+000  0.0000000000000E+000  0.0000000000000E+000
  0.0000000000000E+000  0.0000000000000E+000  0.0000000000000E+000  0.0000000000000E+000  0.0000000000000E+000  0.0000000000000E+000
  0.0000000000000E+000  0.0000000000000E+000  0.0000000000000E+000  0.0000000000000E+000  0.0000000000000E+000  0.0000000000000E+000
*cf:    real               8    cbmsa                           
  0.0000000000000E+000  0.0000000000000E+000  0.0000000000000E+000  0.0000000000000E+000  0.0000000000000E+000  0.0000000000000E+000
  0.0000000000000E+000  0.0000000000000E+000
*cf:    real              72    cbmsb                           
  0.0000000000000E+000  0.0000000000000E+000  0.0000000000000E+000  0.0000000000000E+000  0.0000000000000E+000  0.0000000000000E+000
  0.0000000000000E+000  0.0000000000000E+000  0.0000000000000E+000  0.0000000000000E+000  0.0000000000000E+000  0.0000000000000E+000
  0.0000000000000E+000  0.0000000000000E+000  0.0000000000000E+000  0.0000000000000E+000  0.0000000000000E+000  0.0000000000000E+000
  0.0000000000000E+000  0.0000000000000E+000  0.0000000000000E+000  0.0000000000000E+000  0.0000000000000E+000  0.0000000000000E+000
  0.0000000000000E+000  0.0000000000000E+000  0.0000000000000E+000  0.0000000000000E+000  0.0000000000000E+000  0.0000000000000E+000
  0.0000000000000E+000  0.0000000000000E+000  0.0000000000000E+000  0.0000000000000E+000  0.0000000000000E+000  0.0000000000000E+000
  0.0000000000000E+000  0.0000000000000E+000  0.0000000000000E+000  0.0000000000000E+000  0.0000000000000E+000  0.0000000000000E+000
  0.0000000000000E+000  0.0000000000000E+000  0.0000000000000E+000  0.0000000000000E+000  0.0000000000000E+000  0.0000000000000E+000
  0.0000000000000E+000  0.0000000000000E+000  0.0000000000000E+000  0.0000000000000E+000  0.0000000000000E+000  0.0000000000000E+000
  0.0000000000000E+000  0.0000000000000E+000  0.0000000000000E+000  0.0000000000000E+000  0.0000000000000E+000  0.0000000000000E+000
  0.0000000000000E+000  0.0000000000000E+000  0.0000000000000E+000  0.0000000000000E+000  0.0000000000000E+000  0.0000000000000E+000
  0.0000000000000E+000  0.0000000000000E+000  0.0000000000000E+000  0.0000000000000E+000  0.0000000000000E+000  0.0000000000000E+000
*cf:    real              72    cbsna                           
  0.0000000000000E+000  0.0000000000000E+000  0.0000000000000E+000  0.0000000000000E+000  0.0000000000000E+000  0.0000000000000E+000
  0.0000000000000E+000 -1.0000000000000E+000  0.0000000000000E+000  0.0000000000000E+000  0.0000000000000E+000  0.0000000000000E+000
  0.0000000000000E+000  0.0000000000000E+000  0.0000000000000E+000 -1.0000000000000E+000  0.0000000000000E+000  0.0000000000000E+000
  0.0000000000000E+000  0.0000000000000E+000  0.0000000000000E+000  0.0000000000000E+000  0.0000000000000E+000 -1.0000000000000E+000
  0.0000000000000E+000  0.0000000000000E+000  0.0000000000000E+000  0.0000000000000E+000  0.0000000000000E+000  0.0000000000000E+000
  0.0000000000000E+000 -1.0000000000000E+000  0.0000000000000E+000  0.0000000000000E+000  0.0000000000000E+000  0.0000000000000E+000
  0.0000000000000E+000  0.0000000000000E+000  0.0000000000000E+000 -1.0000000000000E+000  0.0000000000000E+000  0.0000000000000E+000
  0.0000000000000E+000  0.0000000000000E+000  0.0000000000000E+000  0.0000000000000E+000  0.0000000000000E+000 -1.0000000000000E+000
  0.0000000000000E+000  0.0000000000000E+000  0.0000000000000E+000  0.0000000000000E+000  0.0000000000000E+000  0.0000000000000E+000
  0.0000000000000E+000 -1.0000000000000E+000  0.0000000000000E+000  0.0000000000000E+000  0.0000000000000E+000  0.0000000000000E+000
  0.0000000000000E+000  0.0000000000000E+000  0.0000000000000E+000 -1.0000000000000E+000  0.0000000000000E+000  0.0000000000000E+000
  0.0000000000000E+000  0.0000000000000E+000  0.0000000000000E+000  0.0000000000000E+000  0.0000000000000E+000 -1.0000000000000E+000
*cf:    real              72    cbsmo                           
  0.0000000000000E+000  0.0000000000000E+000  0.0000000000000E+000  0.0000000000000E+000 -1.0000000000000E+010  0.0000000000000E+000
  0.0000000000000E+000  0.0000000000000E+000  0.0000000000000E+000  0.0000000000000E+000  1.0000000000000E+010  0.0000000000000E+000
 -1.0000000000000E+010  0.0000000000000E+000  0.0000000000000E+000  0.0000000000000E+000  0.0000000000000E+000  0.0000000000000E+000
  0.0000000000000E+000  0.0000000000000E+000 -1.0000000000000E+010  0.0000000000000E+000  0.0000000000000E+000  0.0000000000000E+000
  0.0000000000000E+000  0.0000000000000E+000  1.0000000000000E+010  0.0000000000000E+000 -1.0000000000000E+010  0.0000000000000E+000
  0.0000000000000E+000  0.0000000000000E+000  0.0000000000000E+000  0.0000000000000E+000  1.0000000000000E+010  0.0000000000000E+000
 -1.0000000000000E+010  0.0000000000000E+000  0.0000000000000E+000  0.0000000000000E+000  0.0000000000000E+000  0.0000000000000E+000
  1.0000000000000E+010  0.0000000000000E+000 -1.0000000000000E+010  0.0000000000000E+000  0.0000000000000E+000  0.0000000000000E+000
  0.0000000000000E+000  0.0000000000000E+000  1.0000000000000E+010  0.0000000000000E+000 -1.0000000000000E+010  0.0000000000000E+000
  0.0000000000000E+000  0.0000000000000E+000  0.0000000000000E+000  0.0000000000000E+000  1.0000000000000E+010  0.0000000000000E+000
 -1.0000000000000E+010  0.0000000000000E+000  0.0000000000000E+000  0.0000000000000E+000  0.0000000000000E+000  0.0000000000000E+000
  1.0000000000000E+010  0.0000000000000E+000 -1.0000000000000E+010  0.0000000000000E+000  0.0000000000000E+000  0.0000000000000E+000
*cf:    real              72    cbshi                           
  1.0000000000000E-018 -1.0000000000000E+002  0.0000000000000E+000  0.0000000000000E+000  0.0000000000000E+000  0.0000000000000E+000
  0.0000000000000E+000 -1.5000000000000E+000  1.0000000000000E-018 -1.0000000000000E+002  0.0000000000000E+000 -1.0000000000000E-001
  0.0000000000000E+000  0.0000000000000E+000  0.0000000000000E+000 -1.5000000000000E+000  1.0000000000000E-018 -1.0000000000000E+002
  0.0000000000000E+000  0.0000000000000E+000  0.0000000000000E+000  0.0000000000000E+000  0.0000000000000E+000 -1.5000000000000E+000
  1.0000000000000E-018 -1.0000000000000E+002  0.0000000000000E+000 -1.0000000000000E-001  0.0000000000000E+000  0.0000000000000E+000
  0.0000000000000E+000 -1.5000000000000E+000  1.0000000000000E-018 -1.0000000000000E+002  0.0000000000000E+000 -1.0000000000000E-001
  0.0000000000000E+000  0.0000000000000E+000  0.0000000000000E+000 -1.5000000000000E+000  1.0000000000000E-018 -1.0000000000000E+002
  0.0000000000000E+000 -1.0000000000000E-001  0.0000000000000E+000  0.0000000000000E+000  0.0000000000000E+000 -1.5000000000000E+000
  1.0000000000000E-018 -1.0000000000000E+002  0.0000000000000E+000 -1.0000000000000E-001  0.0000000000000E+000  0.0000000000000E+000
  0.0000000000000E+000 -1.5000000000000E+000  1.0000000000000E-018 -1.0000000000000E+002  0.0000000000000E+000 -1.0000000000000E-001
  0.0000000000000E+000  0.0000000000000E+000  0.0000000000000E+000 -1.5000000000000E+000  1.0000000000000E-018 -1.0000000000000E+002
  0.0000000000000E+000 -1.0000000000000E-001  0.0000000000000E+000  0.0000000000000E+000  0.0000000000000E+000 -1.5000000000000E+000
*cf:    real               8    cbshe                           
  1.0000000000000E-018 -1.0000000000000E+002  0.0000000000000E+000 -1.0000000000000E-001  0.0000000000000E+000  0.0000000000000E+000
  0.0000000000000E+000 -1.5000000000000E+000
*cf:    real               8    cbsch                           
  0.0000000000000E+000  0.0000000000000E+000  0.0000000000000E+000  0.0000000000000E+000  0.0000000000000E+000  0.0000000000000E+000
  1.0000000000000E+000  5.0000000000000E-001
*cf:    real              72    cbrec                           
  0.0000000000000E+000  0.0000000000000E+000  0.0000000000000E+000  0.0000000000000E+000  0.0000000000000E+000  0.0000000000000E+000
  0.0000000000000E+000  0.0000000000000E+000  1.0000000000000E+000  3.0000000000000E-001  0.0000000000000E+000  0.0000000000000E+000
  0.0000000000000E+000  0.0000000000000E+000  0.0000000000000E+000  0.0000000000000E+000  0.0000000000000E+000  0.0000000000000E+000
  0.0000000000000E+000  0.0000000000000E+000  0.0000000000000E+000  0.0000000000000E+000  0.0000000000000E+000  0.0000000000000E+000
  0.0000000000000E+000  0.0000000000000E+000  0.0000000000000E+000  0.0000000000000E+000  0.0000000000000E+000  0.0000000000000E+000
  0.0000000000000E+000  0.0000000000000E+000  0.0000000000000E+000  0.0000000000000E+000  0.0000000000000E+000  0.0000000000000E+000
  0.0000000000000E+000  0.0000000000000E+000  0.0000000000000E+000  0.0000000000000E+000  0.0000000000000E+000  0.0000000000000E+000
  0.0000000000000E+000  0.0000000000000E+000  0.0000000000000E+000  0.0000000000000E+000  0.0000000000000E+000  0.0000000000000E+000
  0.0000000000000E+000  0.0000000000000E+000  0.0000000000000E+000  0.0000000000000E+000  0.0000000000000E+000  0.0000000000000E+000
  0.0000000000000E+000  0.0000000000000E+000  0.0000000000000E+000  0.0000000000000E+000  0.0000000000000E+000  0.0000000000000E+000
  0.0000000000000E+000  0.0000000000000E+000  0.0000000000000E+000  0.0000000000000E+000  0.0000000000000E+000  0.0000000000000E+000
  0.0000000000000E+000  0.0000000000000E+000  0.0000000000000E+000  0.0000000000000E+000  0.0000000000000E+000  0.0000000000000E+000
*cf:    real               8    cbmsa                           
  0.0000000000000E+000  0.0000000000000E+000  0.0000000000000E+000  0.0000000000000E+000  0.0000000000000E+000  0.0000000000000E+000
  0.0000000000000E+000  0.0000000000000E+000
*cf:    real              72    cbmsb                           
  0.0000000000000E+000  0.0000000000000E+000  0.0000000000000E+000  0.0000000000000E+000  0.0000000000000E+000  0.0000000000000E+000
  0.0000000000000E+000  0.0000000000000E+000  0.0000000000000E+000  0.0000000000000E+000  0.0000000000000E+000  0.0000000000000E+000
  0.0000000000000E+000  0.0000000000000E+000  0.0000000000000E+000  0.0000000000000E+000  0.0000000000000E+000  0.0000000000000E+000
  0.0000000000000E+000  0.0000000000000E+000  0.0000000000000E+000  0.0000000000000E+000  0.0000000000000E+000  0.0000000000000E+000
  0.0000000000000E+000  0.0000000000000E+000  0.0000000000000E+000  0.0000000000000E+000  0.0000000000000E+000  0.0000000000000E+000
  0.0000000000000E+000  0.0000000000000E+000  0.0000000000000E+000  0.0000000000000E+000  0.0000000000000E+000  0.0000000000000E+000
  0.0000000000000E+000  0.0000000000000E+000  0.0000000000000E+000  0.0000000000000E+000  0.0000000000000E+000  0.0000000000000E+000
  0.0000000000000E+000  0.0000000000000E+000  0.0000000000000E+000  0.0000000000000E+000  0.0000000000000E+000  0.0000000000000E+000
  0.0000000000000E+000  0.0000000000000E+000  0.0000000000000E+000  0.0000000000000E+000  0.0000000000000E+000  0.0000000000000E+000
  0.0000000000000E+000  0.0000000000000E+000  0.0000000000000E+000  0.0000000000000E+000  0.0000000000000E+000  0.0000000000000E+000
  0.0000000000000E+000  0.0000000000000E+000  0.0000000000000E+000  0.0000000000000E+000  0.0000000000000E+000  0.0000000000000E+000
  0.0000000000000E+000  0.0000000000000E+000  0.0000000000000E+000  0.0000000000000E+000  0.0000000000000E+000  0.0000000000000E+000
*cf:    real              72    cbsna                           
  0.0000000000000E+000  0.0000000000000E+000  0.0000000000000E+000  0.0000000000000E+000  0.0000000000000E+000  0.0000000000000E+000
  0.0000000000000E+000 -1.0000000000000E+000  0.0000000000000E+000  0.0000000000000E+000  0.0000000000000E+000  0.0000000000000E+000
  0.0000000000000E+000  0.0000000000000E+000  0.0000000000000E+000 -1.0000000000000E+000  0.0000000000000E+000  0.0000000000000E+000
  0.0000000000000E+000  0.0000000000000E+000  0.0000000000000E+000  0.0000000000000E+000  0.0000000000000E+000 -1.0000000000000E+000
  0.0000000000000E+000  0.0000000000000E+000  0.0000000000000E+000  0.0000000000000E+000  0.0000000000000E+000  0.0000000000000E+000
  0.0000000000000E+000 -1.0000000000000E+000  0.0000000000000E+000  0.0000000000000E+000  0.0000000000000E+000  0.0000000000000E+000
  0.0000000000000E+000  0.0000000000000E+000  0.0000000000000E+000 -1.0000000000000E+000  0.0000000000000E+000  0.0000000000000E+000
  0.0000000000000E+000  0.0000000000000E+000  0.0000000000000E+000  0.0000000000000E+000  0.0000000000000E+000 -1.0000000000000E+000
  0.0000000000000E+000  0.0000000000000E+000  0.0000000000000E+000  0.0000000000000E+000  0.0000000000000E+000  0.0000000000000E+000
  0.0000000000000E+000 -1.0000000000000E+000  0.0000000000000E+000  0.0000000000000E+000  0.0000000000000E+000  0.0000000000000E+000
  0.0000000000000E+000  0.0000000000000E+000  0.0000000000000E+000 -1.0000000000000E+000  0.0000000000000E+000  0.0000000000000E+000
  0.0000000000000E+000  0.0000000000000E+000  0.0000000000000E+000  0.0000000000000E+000  0.0000000000000E+000 -1.0000000000000E+000
*cf:    real              72    cbsmo                           
  0.0000000000000E+000  0.0000000000000E+000  0.0000000000000E+000  0.0000000000000E+000 -1.0000000000000E+010  0.0000000000000E+000
  0.0000000000000E+000  0.0000000000000E+000  0.0000000000000E+000  0.0000000000000E+000  1.0000000000000E+010  0.0000000000000E+000
 -1.0000000000000E+010  0.0000000000000E+000  0.0000000000000E+000  0.0000000000000E+000  0.0000000000000E+000  0.0000000000000E+000
  0.0000000000000E+000  0.0000000000000E+000 -1.0000000000000E+010  0.0000000000000E+000  0.0000000000000E+000  0.0000000000000E+000
  0.0000000000000E+000  0.0000000000000E+000  1.0000000000000E+010  0.0000000000000E+000 -1.0000000000000E+010  0.0000000000000E+000
  0.0000000000000E+000  0.0000000000000E+000  0.0000000000000E+000  0.0000000000000E+000  1.0000000000000E+010  0.0000000000000E+000
 -1.0000000000000E+010  0.0000000000000E+000  0.0000000000000E+000  0.0000000000000E+000  0.0000000000000E+000  0.0000000000000E+000
  1.0000000000000E+010  0.0000000000000E+000 -1.0000000000000E+010  0.0000000000000E+000  0.0000000000000E+000  0.0000000000000E+000
  0.0000000000000E+000  0.0000000000000E+000  1.0000000000000E+010  0.0000000000000E+000 -1.0000000000000E+010  0.0000000000000E+000
  0.0000000000000E+000  0.0000000000000E+000  0.0000000000000E+000  0.0000000000000E+000  1.0000000000000E+010  0.0000000000000E+000
 -1.0000000000000E+010  0.0000000000000E+000  0.0000000000000E+000  0.0000000000000E+000  0.0000000000000E+000  0.0000000000000E+000
  1.0000000000000E+010  0.0000000000000E+000 -1.0000000000000E+010  0.0000000000000E+000  0.0000000000000E+000  0.0000000000000E+000
*cf:    real              72    cbshi                           
  1.0000000000000E-018 -1.0000000000000E+002  0.0000000000000E+000  0.0000000000000E+000  0.0000000000000E+000  0.0000000000000E+000
  0.0000000000000E+000 -1.5000000000000E+000  1.0000000000000E-018 -1.0000000000000E+002  0.0000000000000E+000 -1.0000000000000E-001
  0.0000000000000E+000  0.0000000000000E+000  0.0000000000000E+000 -1.5000000000000E+000  1.0000000000000E-018 -1.0000000000000E+002
  0.0000000000000E+000  0.0000000000000E+000  0.0000000000000E+000  0.0000000000000E+000  0.0000000000000E+000 -1.5000000000000E+000
  1.0000000000000E-018 -1.0000000000000E+002  0.0000000000000E+000 -1.0000000000000E-001  0.0000000000000E+000  0.0000000000000E+000
  0.0000000000000E+000 -1.5000000000000E+000  1.0000000000000E-018 -1.0000000000000E+002  0.0000000000000E+000 -1.0000000000000E-001
  0.0000000000000E+000  0.0000000000000E+000  0.0000000000000E+000 -1.5000000000000E+000  1.0000000000000E-018 -1.0000000000000E+002
  0.0000000000000E+000 -1.0000000000000E-001  0.0000000000000E+000  0.0000000000000E+000  0.0000000000000E+000 -1.5000000000000E+000
  1.0000000000000E-018 -1.0000000000000E+002  0.0000000000000E+000 -1.0000000000000E-001  0.0000000000000E+000  0.0000000000000E+000
  0.0000000000000E+000 -1.5000000000000E+000  1.0000000000000E-018 -1.0000000000000E+002  0.0000000000000E+000 -1.0000000000000E-001
  0.0000000000000E+000  0.0000000000000E+000  0.0000000000000E+000 -1.5000000000000E+000  1.0000000000000E-018 -1.0000000000000E+002
  0.0000000000000E+000 -1.0000000000000E-001  0.0000000000000E+000  0.0000000000000E+000  0.0000000000000E+000 -1.5000000000000E+000
*cf:    real               8    cbshe                           
  1.0000000000000E-018 -1.0000000000000E+002  0.0000000000000E+000 -1.0000000000000E-001  0.0000000000000E+000  0.0000000000000E+000
  0.0000000000000E+000 -1.5000000000000E+000
*cf:    real               8    cbsch                           
  0.0000000000000E+000  0.0000000000000E+000  0.0000000000000E+000  0.0000000000000E+000  0.0000000000000E+000  0.0000000000000E+000
  1.0000000000000E+000  5.0000000000000E-001
*cf:    real              72    cbrec                           
  0.0000000000000E+000  0.0000000000000E+000  0.0000000000000E+000  0.0000000000000E+000  0.0000000000000E+000  0.0000000000000E+000
  0.0000000000000E+000  0.0000000000000E+000  1.0000000000000E+000  3.0000000000000E-001  0.0000000000000E+000  0.0000000000000E+000
  0.0000000000000E+000  0.0000000000000E+000  0.0000000000000E+000  0.0000000000000E+000  0.0000000000000E+000  0.0000000000000E+000
  0.0000000000000E+000  0.0000000000000E+000  0.0000000000000E+000  0.0000000000000E+000  0.0000000000000E+000  0.0000000000000E+000
  0.0000000000000E+000  0.0000000000000E+000  0.0000000000000E+000  0.0000000000000E+000  0.0000000000000E+000  0.0000000000000E+000
  0.0000000000000E+000  0.0000000000000E+000  0.0000000000000E+000  0.0000000000000E+000  0.0000000000000E+000  0.0000000000000E+000
  0.0000000000000E+000  0.0000000000000E+000  0.0000000000000E+000  0.0000000000000E+000  0.0000000000000E+000  0.0000000000000E+000
  0.0000000000000E+000  0.0000000000000E+000  0.0000000000000E+000  0.0000000000000E+000  0.0000000000000E+000  0.0000000000000E+000
  0.0000000000000E+000  0.0000000000000E+000  0.0000000000000E+000  0.0000000000000E+000  0.0000000000000E+000  0.0000000000000E+000
  0.0000000000000E+000  0.0000000000000E+000  0.0000000000000E+000  0.0000000000000E+000  0.0000000000000E+000  0.0000000000000E+000
  0.0000000000000E+000  0.0000000000000E+000  0.0000000000000E+000  0.0000000000000E+000  0.0000000000000E+000  0.0000000000000E+000
  0.0000000000000E+000  0.0000000000000E+000  0.0000000000000E+000  0.0000000000000E+000  0.0000000000000E+000  0.0000000000000E+000
*cf:    real               8    cbmsa                           
  0.0000000000000E+000  0.0000000000000E+000  0.0000000000000E+000  0.0000000000000E+000  0.0000000000000E+000  0.0000000000000E+000
  0.0000000000000E+000  0.0000000000000E+000
*cf:    real              72    cbmsb                           
  0.0000000000000E+000  0.0000000000000E+000  0.0000000000000E+000  0.0000000000000E+000  0.0000000000000E+000  0.0000000000000E+000
  0.0000000000000E+000  0.0000000000000E+000  0.0000000000000E+000  0.0000000000000E+000  0.0000000000000E+000  0.0000000000000E+000
  0.0000000000000E+000  0.0000000000000E+000  0.0000000000000E+000  0.0000000000000E+000  0.0000000000000E+000  0.0000000000000E+000
  0.0000000000000E+000  0.0000000000000E+000  0.0000000000000E+000  0.0000000000000E+000  0.0000000000000E+000  0.0000000000000E+000
  0.0000000000000E+000  0.0000000000000E+000  0.0000000000000E+000  0.0000000000000E+000  0.0000000000000E+000  0.0000000000000E+000
  0.0000000000000E+000  0.0000000000000E+000  0.0000000000000E+000  0.0000000000000E+000  0.0000000000000E+000  0.0000000000000E+000
  0.0000000000000E+000  0.0000000000000E+000  0.0000000000000E+000  0.0000000000000E+000  0.0000000000000E+000  0.0000000000000E+000
  0.0000000000000E+000  0.0000000000000E+000  0.0000000000000E+000  0.0000000000000E+000  0.0000000000000E+000  0.0000000000000E+000
  0.0000000000000E+000  0.0000000000000E+000  0.0000000000000E+000  0.0000000000000E+000  0.0000000000000E+000  0.0000000000000E+000
  0.0000000000000E+000  0.0000000000000E+000  0.0000000000000E+000  0.0000000000000E+000  0.0000000000000E+000  0.0000000000000E+000
  0.0000000000000E+000  0.0000000000000E+000  0.0000000000000E+000  0.0000000000000E+000  0.0000000000000E+000  0.0000000000000E+000
  0.0000000000000E+000  0.0000000000000E+000  0.0000000000000E+000  0.0000000000000E+000  0.0000000000000E+000  0.0000000000000E+000
*cf:    real              72    cfdf0                           
  1.0000000000000E+002  0.0000000000000E+000  1.0000000000000E+000  5.0000000000000E-020  1.5000000000000E-018  0.0000000000000E+000
  0.0000000000000E+000  0.0000000000000E+000  5.0000000000000E-001  0.0000000000000E+000  0.0000000000000E+000  0.0000000000000E+000
  0.0000000000000E+000  0.0000000000000E+000  0.0000000000000E+000  0.0000000000000E+000  1.0000000000000E+002  0.0000000000000E+000
  1.0000000000000E+000  2.0000000000000E-020  5.0000000000000E-020  0.0000000000000E+000  0.0000000000000E+000  0.0000000000000E+000
  5.0000000000000E-001  0.0000000000000E+000  0.0000000000000E+000  0.0000000000000E+000  0.0000000000000E+000  0.0000000000000E+000
  0.0000000000000E+000  0.0000000000000E+000  5.0000000000000E-001  0.0000000000000E+000  0.0000000000000E+000  0.0000000000000E+000
  0.0000000000000E+000  0.0000000000000E+000  0.0000000000000E+000  0.0000000000000E+000  5.0000000000000E-001  0.0000000000000E+000
  0.0000000000000E+000  0.0000000000000E+000  0.0000000000000E+000  0.0000000000000E+000  0.0000000000000E+000  0.0000000000000E+000
  5.0000000000000E-001  0.0000000000000E+000  0.0000000000000E+000  0.0000000000000E+000  0.0000000000000E+000  0.0000000000000E+000
  0.0000000000000E+000  0.0000000000000E+000  5.0000000000000E-001  0.0000000000000E+000  0.0000000000000E+000  0.0000000000000E+000
  0.0000000000000E+000  0.0000000000000E+000  0.0000000000000E+000  0.0000000000000E+000  5.0000000000000E-001  0.0000000000000E+000
  0.0000000000000E+000  0.0000000000000E+000  0.0000000000000E+000  0.0000000000000E+000  0.0000000000000E+000  0.0000000000000E+000
*cf:    real              72    cfdna                           
  0.0000000000000E+000  0.0000000000000E+000  0.0000000000000E+000  0.0000000000000E+000  0.0000000000000E+000  0.0000000000000E+000
  0.0000000000000E+000  0.0000000000000E+000  0.0000000000000E+000  0.0000000000000E+000  1.0000000000000E+000  0.0000000000000E+000
  0.0000000000000E+000  0.0000000000000E+000  0.0000000000000E+000  0.0000000000000E+000  0.0000000000000E+000  0.0000000000000E+000
  0.0000000000000E+000  0.0000000000000E+000  0.0000000000000E+000  0.0000000000000E+000  0.0000000000000E+000  0.0000000000000E+000
  0.0000000000000E+000  0.0000000000000E+000  1.0000000000000E+000  0.0000000000000E+000  0.0000000000000E+000  0.0000000000000E+000
  0.0000000000000E+000  0.0000000000000E+000  0.0000000000000E+000  0.0000000000000E+000  1.0000000000000E+000  0.0000000000000E+000
  0.0000000000000E+000  0.0000000000000E+000  0.0000000000000E+000  0.0000000000000E+000  0.0000000000000E+000  0.0000000000000E+000
  1.0000000000000E+000  0.0000000000000E+000  0.0000000000000E+000  0.0000000000000E+000  0.0000000000000E+000  0.0000000000000E+000
  0.0000000000000E+000  0.0000000000000E+000  1.0000000000000E+000  0.0000000000000E+000  0.0000000000000E+000  0.0000000000000E+000
  0.0000000000000E+000  0.0000000000000E+000  0.0000000000000E+000  0.0000000000000E+000  1.0000000000000E+000  0.0000000000000E+000
  0.0000000000000E+000  0.0000000000000E+000  0.0000000000000E+000  0.0000000000000E+000  0.0000000000000E+000  0.0000000000000E+000
  1.0000000000000E+000  0.0000000000000E+000  0.0000000000000E+000  0.0000000000000E+000  0.0000000000000E+000  0.0000000000000E+000
*cf:    real              72    cfdpa                           
  0.0000000000000E+000  0.0000000000000E+000  1.0000000000000E+000  0.0000000000000E+000  0.0000000000000E+000  0.0000000000000E+000
  0.0000000000000E+000  0.0000000000000E+000  0.0000000000000E+000  0.0000000000000E+000  0.0000000000000E+000  0.0000000000000E+000
  0.0000000000000E+000  0.0000000000000E+000  0.0000000000000E+000  0.0000000000000E+000  0.0000000000000E+000  0.0000000000000E+000
  1.0000000000000E+000  0.0000000000000E+000  0.0000000000000E+000  0.0000000000000E+000  0.0000000000000E+000  0.0000000000000E+000
  0.0000000000000E+000  0.0000000000000E+000  0.0000000000000E+000  0.0000000000000E+000  0.0000000000000E+000  0.0000000000000E+000
  0.0000000000000E+000  0.0000000000000E+000  0.0000000000000E+000  0.0000000000000E+000  0.0000000000000E+000  0.0000000000000E+000
  0.0000000000000E+000  0.0000000000000E+000  0.0000000000000E+000  0.0000000000000E+000  0.0000000000000E+000  0.0000000000000E+000
  0.0000000000000E+000  0.0000000000000E+000  0.0000000000000E+000  0.0000000000000E+000  0.0000000000000E+000  0.0000000000000E+000
  0.0000000000000E+000  0.0000000000000E+000  0.0000000000000E+000  0.0000000000000E+000  0.0000000000000E+000  0.0000000000000E+000
  0.0000000000000E+000  0.0000000000000E+000  0.0000000000000E+000  0.0000000000000E+000  0.0000000000000E+000  0.0000000000000E+000
  0.0000000000000E+000  0.0000000000000E+000  0.0000000000000E+000  0.0000000000000E+000  0.0000000000000E+000  0.0000000000000E+000
  0.0000000000000E+000  0.0000000000000E+000  0.0000000000000E+000  0.0000000000000E+000  0.0000000000000E+000  0.0000000000000E+000
*cf:    real              72    cfvla                           
  0.0000000000000E+000  0.0000000000000E+000  0.0000000000000E+000  0.0000000000000E+000  0.0000000000000E+000  0.0000000000000E+000
  0.0000000000000E+000  0.0000000000000E+000  0.0000000000000E+000  0.0000000000000E+000  0.0000000000000E+000  0.0000000000000E+000
  0.0000000000000E+000  0.0000000000000E+000  0.0000000000000E+000  0.0000000000000E+000  0.0000000000000E+000  0.0000000000000E+000
  0.0000000000000E+000  0.0000000000000E+000  0.0000000000000E+000  0.0000000000000E+000  0.0000000000000E+000  0.0000000000000E+000
  0.0000000000000E+000  0.0000000000000E+000  0.0000000000000E+000  0.0000000000000E+000  0.0000000000000E+000  0.0000000000000E+000
  0.0000000000000E+000  0.0000000000000E+000  0.0000000000000E+000  0.0000000000000E+000  0.0000000000000E+000  0.0000000000000E+000
  0.0000000000000E+000  0.0000000000000E+000  0.0000000000000E+000  0.0000000000000E+000  0.0000000000000E+000  0.0000000000000E+000
  0.0000000000000E+000  0.0000000000000E+000  0.0000000000000E+000  0.0000000000000E+000  0.0000000000000E+000  0.0000000000000E+000
  0.0000000000000E+000  0.0000000000000E+000  0.0000000000000E+000  0.0000000000000E+000  0.0000000000000E+000  0.0000000000000E+000
  0.0000000000000E+000  0.0000000000000E+000  0.0000000000000E+000  0.0000000000000E+000  0.0000000000000E+000  0.0000000000000E+000
  0.0000000000000E+000  0.0000000000000E+000  0.0000000000000E+000  0.0000000000000E+000  0.0000000000000E+000  0.0000000000000E+000
  0.0000000000000E+000  0.0000000000000E+000  0.0000000000000E+000  0.0000000000000E+000  0.0000000000000E+000  0.0000000000000E+000
*cf:    real              72    cfvsa                           
  0.0000000000000E+000  0.0000000000000E+000  1.0000000000000E+000  0.0000000000000E+000  0.0000000000000E+000  0.0000000000000E+000
  0.0000000000000E+000  0.0000000000000E+000  0.0000000000000E+000  0.0000000000000E+000  1.0000000000000E+000  0.0000000000000E+000
  0.0000000000000E+000  0.0000000000000E+000  0.0000000000000E+000  0.0000000000000E+000  0.0000000000000E+000  0.0000000000000E+000
  1.0000000000000E+000  0.0000000000000E+000  0.0000000000000E+000  0.0000000000000E+000  0.0000000000000E+000  0.0000000000000E+000
  0.0000000000000E+000  0.0000000000000E+000  1.0000000000000E+000  0.0000000000000E+000  0.0000000000000E+000  0.0000000000000E+000
  0.0000000000000E+000  0.0000000000000E+000  0.0000000000000E+000  0.0000000000000E+000  1.0000000000000E+000  0.0000000000000E+000
  0.0000000000000E+000  0.0000000000000E+000  0.0000000000000E+000  0.0000000000000E+000  0.0000000000000E+000  0.0000000000000E+000
  1.0000000000000E+000  0.0000000000000E+000  0.0000000000000E+000  0.0000000000000E+000  0.0000000000000E+000  0.0000000000000E+000
  0.0000000000000E+000  0.0000000000000E+000  1.0000000000000E+000  0.0000000000000E+000  0.0000000000000E+000  0.0000000000000E+000
  0.0000000000000E+000  0.0000000000000E+000  0.0000000000000E+000  0.0000000000000E+000  1.0000000000000E+000  0.0000000000000E+000
  0.0000000000000E+000  0.0000000000000E+000  0.0000000000000E+000  0.0000000000000E+000  0.0000000000000E+000  0.0000000000000E+000
  1.0000000000000E+000  0.0000000000000E+000  0.0000000000000E+000  0.0000000000000E+000  0.0000000000000E+000  0.0000000000000E+000
*cf:    real              72    cfhci                           
  0.0000000000000E+000  0.0000000000000E+000  1.4000000000000E+000  0.0000000000000E+000  0.0000000000000E+000  0.0000000000000E+000
  0.0000000000000E+000  0.0000000000000E+000  0.0000000000000E+000  0.0000000000000E+000  1.4000000000000E+000  0.0000000000000E+000
  0.0000000000000E+000  0.0000000000000E+000  0.0000000000000E+000  0.0000000000000E+000  0.0000000000000E+000  0.0000000000000E+000
  1.4000000000000E+000  0.0000000000000E+000  0.0000000000000E+000  0.0000000000000E+000  0.0000000000000E+000  0.0000000000000E+000
  0.0000000000000E+000  0.0000000000000E+000  1.4000000000000E+000  0.0000000000000E+000  0.0000000000000E+000  0.0000000000000E+000
  0.0000000000000E+000  0.0000000000000E+000  0.0000000000000E+000  0.0000000000000E+000  1.4000000000000E+000  0.0000000000000E+000
  0.0000000000000E+000  0.0000000000000E+000  0.0000000000000E+000  0.0000000000000E+000  0.0000000000000E+000  0.0000000000000E+000
  1.4000000000000E+000  0.0000000000000E+000  0.0000000000000E+000  0.0000000000000E+000  0.0000000000000E+000  0.0000000000000E+000
  0.0000000000000E+000  0.0000000000000E+000  1.4000000000000E+000  0.0000000000000E+000  0.0000000000000E+000  0.0000000000000E+000
  0.0000000000000E+000  0.0000000000000E+000  0.0000000000000E+000  0.0000000000000E+000  1.4000000000000E+000  0.0000000000000E+000
  0.0000000000000E+000  0.0000000000000E+000  0.0000000000000E+000  0.0000000000000E+000  0.0000000000000E+000  0.0000000000000E+000
  1.4000000000000E+000  0.0000000000000E+000  0.0000000000000E+000  0.0000000000000E+000  0.0000000000000E+000  0.0000000000000E+000
*cf:    real               8    cfhce                           
  7.0000000000000E-001  0.0000000000000E+000  0.0000000000000E+000  0.0000000000000E+000  0.0000000000000E+000  0.0000000000000E+000
  0.0000000000000E+000  0.0000000000000E+000
*cf:    real               8    cfsig                           
  1.0000000000000E-003  0.0000000000000E+000  0.0000000000000E+000  0.0000000000000E+000  0.0000000000000E+000  0.0000000000000E+000
  0.0000000000000E+000  0.0000000000000E+000
*cf:    real               8    cfalf                           
  1.0000000000000E-003  0.0000000000000E+000  0.0000000000000E+000  0.0000000000000E+000  0.0000000000000E+000  0.0000000000000E+000
  0.0000000000000E+000  0.0000000000000E+000
*cf:    real               8    cflim                           
  3.0000000000000E-001  3.0000000000000E-001  5.0000000000000E-001  0.0000000000000E+000  0.0000000000000E+000  0.0000000000000E+000
  0.0000000000000E+000  0.0000000000000E+000
