 -6.489479325079453E-002   99.9999999999077     
 -6.174671836168251E-002  0.312909948510153     
 -5.563410164995351E-002  0.350041092247257     
 -4.976035573960499E-002  0.351032117687294     
 -4.414135799045912E-002  0.353354715363896     
 -3.878984723300544E-002  0.362836157516053     
 -3.371651085282996E-002  0.378133119030786     
 -2.894596137149372E-002  0.398381307144615     
 -2.448068263208932E-002  0.421601476206992     
 -2.033702343551546E-002  0.430418558998877     
 -1.654205937119533E-002  0.403706469056410     
 -1.309843593972091E-002  0.341037842448784     
 -1.001660113994848E-002  0.267972240532744     
 -7.321260556877006E-003  0.209962334934592     
 -5.029613719342074E-003  0.169867169808221     
 -3.153706005680545E-003  0.149100914281895     
 -1.705904730449695E-003  0.139164563911069     
 -6.973156040957912E-004  0.135540281443231     
 -1.409700512729900E-004  0.134952595377941     
  1.409700512729900E-004  0.135146893218375     
  5.367067362250927E-004  0.135920344434365     
  1.244905147213343E-003  0.138703468040733     
  2.259783709072954E-003  0.145723993688183     
  3.575246268870055E-003  0.160696851671399     
  5.184793301189927E-003  0.189911628302422     
  7.082229038018598E-003  0.243304108513918     
  9.261528604466315E-003  0.335333053887166     
  1.171967854369127E-002  0.484548944723202     
  1.446663693934221E-002  0.699391039049553     
  1.749525774837857E-002  0.932364455149522     
  2.078478409935629E-002   1.09491226544621     
  2.433243035136737E-002   1.12968367843881     
  2.815654391574525E-002   1.04194081752319     
  3.225033145591900E-002  0.871207891934820     
  3.658660180459659E-002  0.661235634148251     
  4.118597006091460E-002  0.438643318124095     
  4.604621167945508E-002  0.210032495571039     
