 -2.426328031399226E-002
 -2.306349852175433E-002
 -2.076171697542331E-002
 -1.860593574154008E-002
 -1.659402049787281E-002
 -1.472871462562795E-002
 -1.299112185201854E-002
 -1.135580159619314E-002
 -9.824906441633146E-003
 -8.409218307998838E-003
 -7.111405169299284E-003
 -5.926811332437266E-003
 -4.850967079463787E-003
 -3.878940682275425E-003
 -3.005700833780191E-003
 -2.226835010752083E-003
 -1.537365417853768E-003
 -9.322253190955018E-004
 -4.082982388160482E-004
  4.082982388160482E-004
  2.319721662676025E-003
  5.714326095431255E-003
  1.053621352716504E-002
  1.676140438085179E-002
  2.448435784472707E-002
  3.370643090441673E-002
  4.424101504671258E-002
  5.612038817856641E-002
  6.946669901977848E-002
  8.414141948852097E-002
  0.100265613255036     
  0.117874672719990     
  0.139995421666434     
  0.172658038656195     
  0.212311932657957     
  0.257655580215697     
  0.310209951931068     
  0.338849361154913     
