 -6.489479325079453E-002
 -6.174671836168251E-002
 -5.563410164995351E-002
 -4.976035573960499E-002
 -4.414135799045912E-002
 -3.878984723300544E-002
 -3.371651085282996E-002
 -2.894596137149372E-002
 -2.448068263208932E-002
 -2.033702343551546E-002
 -1.654205937119533E-002
 -1.309843593972091E-002
 -1.001660113994848E-002
 -7.321260556877006E-003
 -5.029613719342074E-003
 -3.153706005680545E-003
 -1.705904730449695E-003
 -6.973156040957912E-004
 -1.409700512729900E-004
  1.409700512729900E-004
  5.367067362250927E-004
  1.244905147213343E-003
  2.259783709072954E-003
  3.575246268870055E-003
  5.184793301189927E-003
  7.082229038018598E-003
  9.261528604466315E-003
  1.171967854369127E-002
  1.446663693934221E-002
  1.749525774837857E-002
  2.078478409935629E-002
  2.433243035136737E-002
  2.815654391574525E-002
  3.225033145591900E-002
  3.658660180459659E-002
  4.118597006091460E-002
  4.604621167945508E-002
  4.856002160195107E-002
