&INSTATE
  TOKAMAK_ID = 'ITER' 
  IP = 8.0 
  B0 =-5.3
  R0 = 6.19999981 
  RMAJOR = 6.34256027783 
  AMINOR = 1.85352827404 
  KAPPA = 1.91505923211 
  DELTA = 0.57989394078 
  N_ION = 2 
  Z_ION = 1 1 
  A_ION = 2 3 
  F_ION = 0.5 0.5 
  N_IMP = 1   ! 2 
  Z_IMP = 6   ! 6 2 
  A_IMP = 12  ! 12 4 
  F_IMP = 1.0 ! 1.0 0.0 
  NRHO  = 51 
  RHO = 0.0 0.02 0.04 0.06 0.08 0.1 0.12 0.14 0.16 0.18 0.2 0.22 0.24  
    0.26 0.28 0.3 0.32 0.34 0.36 0.38 0.4 0.42 0.44 0.46 0.48 0.5 0.52  
    0.54 0.56 0.58 0.6 0.62 0.64 0.66 0.68 0.7 0.72 0.74 0.76 0.78 0.8  
    0.82 0.84 0.86 0.88 0.9 0.92 0.94 0.96 0.98 1.0 
  NE = 6.493 6.493 6.493 6.493 6.493 6.493 6.493 6.493 6.493 6.493  
    6.493 6.493 6.493 6.493 6.493 6.493 6.493 6.493 6.493 6.493 6.493  
    6.493 6.493 6.493 6.493 6.493 6.493 6.493 6.493 6.493 6.493 6.493  
    6.493 6.493 6.493 6.493 6.493 6.493 6.493 6.493 6.493 6.484 6.393  
    6.225 5.96 5.588 5.123 4.567 3.962 3.353 2.785 
  TE = 23.02 23.02 22.729 22.37 22.008 21.626 21.237 20.851 20.493  
    20.168 19.86 19.551 19.234 18.911 18.58 18.239 17.881 17.513 17.141  
    16.766 16.385 15.992 15.582 15.153 14.704 14.237 13.755 13.269  
    12.785 12.311 11.854 11.413 10.991 10.585 10.196 9.823 9.465 9.126  
    8.804 8.498 8.216 7.938 7.684 7.436 7.143 6.683 5.849 4.49 2.869  
    1.558 0.787 
  TI = 20.075 20.075 20.066 20.029 19.948 19.811 19.608 19.334 19.033  
    18.746 18.466 18.183 17.891 17.599 17.307 17.005 16.689 16.363  
    16.034 15.701 15.364 15.015 14.655 14.282 13.892 13.487 13.063  
    12.639 12.22 11.809 11.412 11.026 10.657 10.301 9.958 9.63 9.314  
    9.014 8.731 8.462 8.216 7.938 7.684 7.436 7.143 6.683 5.849 4.49  
    2.869 1.558 0.787 
  ZEFF = 1.721 1.721 1.721 1.721 1.72 1.718 1.717 1.714 1.712 1.709  
    1.707 1.705 1.703 1.701 1.699 1.697 1.695 1.693 1.691 1.688 1.686  
    1.683 1.68 1.677 1.674 1.671 1.667 1.664 1.66 1.657 1.653 1.65  
    1.647 1.644 1.641 1.639 1.636 1.634 1.632 1.63 1.628 1.626 1.624  
    1.622 1.62 1.617 1.613 1.609 1.608 1.607 1.607 
  OMEGA = 55700.0 55700.0 55800.0 55800.0 56000.0 56100.0 56300.0  
    56400.0 56300.0 55900.0 55300.0 54500.0 53500.0 52200.0 50800.0  
    49300.0 47700.0 46100.0 44600.0 43200.0 41800.0 40300.0 38700.0  
    37100.0 35400.0 33700.0 31800.0 29900.0 28100.0 26300.0 24500.0  
    22800.0 21100.0 19600.0 18000.0 16500.0 15100.0 13700.0 12400.0  
    11200.0 10000.0 9160.0 8350.0 7570.0 6830.0 6100.0 5250.0 3870.0  
    2030.0 841.0 400.0 
  J_TOT = 0.4831 0.4831 0.5037 0.5041 0.4861 0.462 0.4571 0.472 0.5029  
    0.5488 0.5991 0.6384 0.6561 0.6534 0.6383 0.6178 0.5969 0.5785  
    0.563 0.5455 0.5226 0.4937 0.4605 0.4255 0.3906 0.3578 0.328 0.3033  
    0.2844 0.2692 0.2576 0.2476 0.237 0.2253 0.2128 0.2011 0.1898  
    0.1791 0.1707 0.1612 0.1628 0.2006 0.2615 0.3412 0.4645 0.6329  
    0.8056 0.8493 0.6713 0.3951 0.2612 
  J_OH = 0.0 0.0 0.0 0.0 0.0 0.0 0.0 0.0 0.0 0.0 0.0 0.0 0.0 0.0 0.0  
    0.0 0.0 0.0 0.0 0.0 0.0 0.0 0.0 0.0 0.0 0.0 0.0 0.0 0.0 0.0 0.0 0.0  
    0.0 0.0 0.0 0.0 0.0 0.0 0.0 0.0 0.0 0.0 0.0 0.0 0.0 0.0 0.0 0.0 0.0  
    0.0 0.0 
  J_BS = 0.0 0.0 0.0 0.0 0.0 0.0 0.0 0.0 0.0 0.0 0.0 0.0 0.0 0.0 0.0  
    0.0 0.0 0.0 0.0 0.0 0.0 0.0 0.0 0.0 0.0 0.0 0.0 0.0 0.0 0.0 0.0 0.0  
    0.0 0.0 0.0 0.0 0.0 0.0 0.0 0.0 0.0 0.0 0.0 0.0 0.0 0.0 0.0 0.0 0.0  
    0.0 0.0 
  J_NB = 0.0 0.0 0.0 0.0 0.0 0.0 0.0 0.0 0.0 0.0 0.0 0.0 0.0 0.0 0.0  
    0.0 0.0 0.0 0.0 0.0 0.0 0.0 0.0 0.0 0.0 0.0 0.0 0.0 0.0 0.0 0.0 0.0  
    0.0 0.0 0.0 0.0 0.0 0.0 0.0 0.0 0.0 0.0 0.0 0.0 0.0 0.0 0.0 0.0 0.0  
    0.0 0.0 
  J_EC = 0.0 0.0 0.0 0.0 0.0 0.0 0.0 0.0 0.0 0.0 0.0 0.0 0.0 0.0 0.0  
    0.0 0.0 0.0 0.0 0.0 0.0 0.0 0.0 0.0 0.0 0.0 0.0 0.0 0.0 0.0 0.0 0.0  
    0.0 0.0 0.0 0.0 0.0 0.0 0.0 0.0 0.0 0.0 0.0 0.0 0.0 0.0 0.0 0.0 0.0  
    0.0 0.0 
  J_IC = 0.0 0.0 0.0 0.0 0.0 0.0 0.0 0.0 0.0 0.0 0.0 0.0 0.0 0.0 0.0  
    0.0 0.0 0.0 0.0 0.0 0.0 0.0 0.0 0.0 0.0 0.0 0.0 0.0 0.0 0.0 0.0 0.0  
    0.0 0.0 0.0 0.0 0.0 0.0 0.0 0.0 0.0 0.0 0.0 0.0 0.0 0.0 0.0 0.0 0.0  
    0.0 0.0 
  PE_NB = 0.0 0.0 0.0 0.0 0.0 0.0 0.0 0.0 0.0 0.0 0.0 0.0 0.0 0.0 0.0  
    0.0 0.0 0.0 0.0 0.0 0.0 0.0 0.0 0.0 0.0 0.0 0.0 0.0 0.0 0.0 0.0 0.0  
    0.0 0.0 0.0 0.0 0.0 0.0 0.0 0.0 0.0 0.0 0.0 0.0 0.0 0.0 0.0 0.0 0.0  
    0.0 0.0 
  PE_EC = 0.0 0.0 0.0 0.0 0.0 0.0 0.0 0.0 0.0 0.0 0.0 0.0 0.0 0.0 0.0  
    0.0 0.0 0.0 0.0 0.0 0.0 0.0 0.0 0.0 0.0 0.0 0.0 0.0 0.0 0.0 0.0 0.0  
    0.0 0.0 0.0 0.0 0.0 0.0 0.0 0.0 0.0 0.0 0.0 0.0 0.0 0.0 0.0 0.0 0.0  
    0.0 0.0 
  PE_IC = 0.0 0.0 0.0 0.0 0.0 0.0 0.0 0.0 0.0 0.0 0.0 0.0 0.0 0.0 0.0  
    0.0 0.0 0.0 0.0 0.0 0.0 0.0 0.0 0.0 0.0 0.0 0.0 0.0 0.0 0.0 0.0 0.0  
    0.0 0.0 0.0 0.0 0.0 0.0 0.0 0.0 0.0 0.0 0.0 0.0 0.0 0.0 0.0 0.0 0.0  
    0.0 0.0 
  PE_FUS = 0.0 0.0 0.0 0.0 0.0 0.0 0.0 0.0 0.0 0.0 0.0 0.0 0.0 0.0 0.0  
    0.0 0.0 0.0 0.0 0.0 0.0 0.0 0.0 0.0 0.0 0.0 0.0 0.0 0.0 0.0 0.0 0.0  
    0.0 0.0 0.0 0.0 0.0 0.0 0.0 0.0 0.0 0.0 0.0 0.0 0.0 0.0 0.0 0.0 0.0  
    0.0 0.0 
  PE_IONIZATION = 0.0 0.0 0.0 0.0 0.0 0.0 0.0 0.0 0.0 0.0 0.0 0.0 0.0  
    0.0 0.0 0.0 0.0 0.0 0.0 0.0 0.0 0.0 0.0 0.0 0.0 0.0 0.0 0.0 0.0 0.0  
    0.0 0.0 0.0 0.0 0.0 0.0 0.0 0.0 0.0 0.0 0.0 0.0 0.0 0.0 0.0 0.0 0.0  
    0.0 0.0 0.0 0.0 
  P_RAD = 0.0 0.0 0.0 0.0 0.0 0.0 0.0 0.0 0.0 0.0 0.0 0.0 0.0 0.0 0.0  
    0.0 0.0 0.0 0.0 0.0 0.0 0.0 0.0 0.0 0.0 0.0 0.0 0.0 0.0 0.0 0.0 0.0  
    0.0 0.0 0.0 0.0 0.0 0.0 0.0 0.0 0.0 0.0 0.0 0.0 0.0 0.0 0.0 0.0 0.0  
    0.0 0.0 
  PI_NB = 0.0 0.0 0.0 0.0 0.0 0.0 0.0 0.0 0.0 0.0 0.0 0.0 0.0 0.0 0.0  
    0.0 0.0 0.0 0.0 0.0 0.0 0.0 0.0 0.0 0.0 0.0 0.0 0.0 0.0 0.0 0.0 0.0  
    0.0 0.0 0.0 0.0 0.0 0.0 0.0 0.0 0.0 0.0 0.0 0.0 0.0 0.0 0.0 0.0 0.0  
    0.0 0.0 
  PI_EC = 0.0 0.0 0.0 0.0 0.0 0.0 0.0 0.0 0.0 0.0 0.0 0.0 0.0 0.0 0.0  
    0.0 0.0 0.0 0.0 0.0 0.0 0.0 0.0 0.0 0.0 0.0 0.0 0.0 0.0 0.0 0.0 0.0  
    0.0 0.0 0.0 0.0 0.0 0.0 0.0 0.0 0.0 0.0 0.0 0.0 0.0 0.0 0.0 0.0 0.0  
    0.0 0.0 
  PI_IC = 0.0 0.0 0.0 0.0 0.0 0.0 0.0 0.0 0.0 0.0 0.0 0.0 0.0 0.0 0.0  
    0.0 0.0 0.0 0.0 0.0 0.0 0.0 0.0 0.0 0.0 0.0 0.0 0.0 0.0 0.0 0.0 0.0  
    0.0 0.0 0.0 0.0 0.0 0.0 0.0 0.0 0.0 0.0 0.0 0.0 0.0 0.0 0.0 0.0 0.0  
    0.0 0.0 
  PI_FUS = 0.0 0.0 0.0 0.0 0.0 0.0 0.0 0.0 0.0 0.0 0.0 0.0 0.0 0.0 0.0  
    0.0 0.0 0.0 0.0 0.0 0.0 0.0 0.0 0.0 0.0 0.0 0.0 0.0 0.0 0.0 0.0 0.0  
    0.0 0.0 0.0 0.0 0.0 0.0 0.0 0.0 0.0 0.0 0.0 0.0 0.0 0.0 0.0 0.0 0.0  
    0.0 0.0 
  PI_IONIZATION = 0.0 0.0 0.0 0.0 0.0 0.0 0.0 0.0 0.0 0.0 0.0 0.0 0.0  
    0.0 0.0 0.0 0.0 0.0 0.0 0.0 0.0 0.0 0.0 0.0 0.0 0.0 0.0 0.0 0.0 0.0  
    0.0 0.0 0.0 0.0 0.0 0.0 0.0 0.0 0.0 0.0 0.0 0.0 0.0 0.0 0.0 0.0 0.0  
    0.0 0.0 0.0 0.0 
  PI_CX = 0.0 0.0 0.0 0.0 0.0 0.0 0.0 0.0 0.0 0.0 0.0 0.0 0.0 0.0 0.0  
    0.0 0.0 0.0 0.0 0.0 0.0 0.0 0.0 0.0 0.0 0.0 0.0 0.0 0.0 0.0 0.0 0.0  
    0.0 0.0 0.0 0.0 0.0 0.0 0.0 0.0 0.0 0.0 0.0 0.0 0.0 0.0 0.0 0.0 0.0  
    0.0 0.0 
  P_OHM = 0.0 0.0 0.0 0.0 0.0 0.0 0.0 0.0 0.0 0.0 0.0 0.0 0.0 0.0 0.0  
    0.0 0.0 0.0 0.0 0.0 0.0 0.0 0.0 0.0 0.0 0.0 0.0 0.0 0.0 0.0 0.0 0.0  
    0.0 0.0 0.0 0.0 0.0 0.0 0.0 0.0 0.0 0.0 0.0 0.0 0.0 0.0 0.0 0.0 0.0  
    0.0 0.0 
  P_EI = 0.0 0.0 0.0 0.0 0.0 0.0 0.0 0.0 0.0 0.0 0.0 0.0 0.0 0.0 0.0  
    0.0 0.0 0.0 0.0 0.0 0.0 0.0 0.0 0.0 0.0 0.0 0.0 0.0 0.0 0.0 0.0 0.0  
    0.0 0.0 0.0 0.0 0.0 0.0 0.0 0.0 0.0 0.0 0.0 0.0 0.0 0.0 0.0 0.0 0.0  
    0.0 0.0 
  TORQUE_NB = 0.0 0.0 0.0 0.0 0.0 0.0 0.0 0.0 0.0 0.0 0.0 0.0 0.0 0.0  
    0.0 0.0 0.0 0.0 0.0 0.0 0.0 0.0 0.0 0.0 0.0 0.0 0.0 0.0 0.0 0.0 0.0  
    0.0 0.0 0.0 0.0 0.0 0.0 0.0 0.0 0.0 0.0 0.0 0.0 0.0 0.0 0.0 0.0 0.0  
    0.0 0.0 0.0 
  TORQUE_IN = 0.0 0.0 0.0 0.0 0.0 0.0 0.0 0.0 0.0 0.0 0.0 0.0 0.0 0.0  
    0.0 0.0 0.0 0.0 0.0 0.0 0.0 0.0 0.0 0.0 0.0 0.0 0.0 0.0 0.0 0.0 0.0  
    0.0 0.0 0.0 0.0 0.0 0.0 0.0 0.0 0.0 0.0 0.0 0.0 0.0 0.0 0.0 0.0 0.0  
    0.0 0.0 0.0 
  SE_NB = 0.0 0.0 0.0 0.0 0.0 0.0 0.0 0.0 0.0 0.0 0.0 0.0 0.0 0.0 0.0  
    0.0 0.0 0.0 0.0 0.0 0.0 0.0 0.0 0.0 0.0 0.0 0.0 0.0 0.0 0.0 0.0 0.0  
    0.0 0.0 0.0 0.0 0.0 0.0 0.0 0.0 0.0 0.0 0.0 0.0 0.0 0.0 0.0 0.0 0.0  
    0.0 0.0 
  SE_IONIZATION = 0.0 0.0 0.0 0.0 0.0 0.0 0.0 0.0 0.0 0.0 0.0 0.0 0.0  
    0.0 0.0 0.0 0.0 0.0 0.0 0.0 0.0 0.0 0.0 0.0 0.0 0.0 0.0 0.0 0.0 0.0  
    0.0 0.0 0.0 0.0 0.0 0.0 0.0 0.0 0.0 0.0 0.0 0.0 0.0 0.0 0.0 0.0 0.0  
    0.0 0.0 0.0 0.0 
  SI_NB = 0.0 0.0 0.0 0.0 0.0 0.0 0.0 0.0 0.0 0.0 0.0 0.0 0.0 0.0 0.0  
    0.0 0.0 0.0 0.0 0.0 0.0 0.0 0.0 0.0 0.0 0.0 0.0 0.0 0.0 0.0 0.0 0.0  
    0.0 0.0 0.0 0.0 0.0 0.0 0.0 0.0 0.0 0.0 0.0 0.0 0.0 0.0 0.0 0.0 0.0  
    0.0 0.0 
  SI_IONIZATION = 0.0 0.0 0.0 0.0 0.0 0.0 0.0 0.0 0.0 0.0 0.0 0.0 0.0  
    0.0 0.0 0.0 0.0 0.0 0.0 0.0 0.0 0.0 0.0 0.0 0.0 0.0 0.0 0.0 0.0 0.0  
    0.0 0.0 0.0 0.0 0.0 0.0 0.0 0.0 0.0 0.0 0.0 0.0 0.0 0.0 0.0 0.0 0.0  
    0.0 0.0 0.0 0.0 
  Q = 0.0 0.0 0.0 0.0 0.0 0.0 0.0 0.0 0.0 0.0 0.0 0.0 0.0 0.0 0.0 0.0  
    0.0 0.0 0.0 0.0 0.0 0.0 0.0 0.0 0.0 0.0 0.0 0.0 0.0 0.0 0.0 0.0 0.0  
    0.0 0.0 0.0 0.0 0.0 0.0 0.0 0.0 0.0 0.0 0.0 0.0 0.0 0.0 0.0 0.0 0.0  
    0.0 
  PSIPOL = 0.0 0.0 0.0 0.0 0.0 0.0 0.0 0.0 0.0 0.0 0.0 0.0 0.0 0.0 0.0  
    0.0 0.0 0.0 0.0 0.0 0.0 0.0 0.0 0.0 0.0 0.0 0.0 0.0 0.0 0.0 0.0 0.0  
    0.0 0.0 0.0 0.0 0.0 0.0 0.0 0.0 0.0 0.0 0.0 0.0 0.0 0.0 0.0 0.0 0.0  
    0.0 0.0 
  DENSITY_BEAM = 0.0 0.0 0.0 0.0 0.0 0.0 0.0 0.0 0.0 0.0 0.0 0.0 0.0  
    0.0 0.0 0.0 0.0 0.0 0.0 0.0 0.0 0.0 0.0 0.0 0.0 0.0 0.0 0.0 0.0 0.0  
    0.0 0.0 0.0 0.0 0.0 0.0 0.0 0.0 0.0 0.0 0.0 0.0 0.0 0.0 0.0 0.0 0.0  
    0.0 0.0 0.0 0.0 
  WBEAM = 0.0 0.0 0.0 0.0 0.0 0.0 0.0 0.0 0.0 0.0 0.0 0.0 0.0 0.0 0.0  
    0.0 0.0 0.0 0.0 0.0 0.0 0.0 0.0 0.0 0.0 0.0 0.0 0.0 0.0 0.0 0.0 0.0  
    0.0 0.0 0.0 0.0 0.0 0.0 0.0 0.0 0.0 0.0 0.0 0.0 0.0 0.0 0.0 0.0 0.0  
    0.0 0.0 
  DENSITY_ALPHA = 0.0 0.0 0.0 0.0 0.0 0.0 0.0 0.0 0.0 0.0 0.0 0.0 0.0  
    0.0 0.0 0.0 0.0 0.0 0.0 0.0 0.0 0.0 0.0 0.0 0.0 0.0 0.0 0.0 0.0 0.0  
    0.0 0.0 0.0 0.0 0.0 0.0 0.0 0.0 0.0 0.0 0.0 0.0 0.0 0.0 0.0 0.0 0.0  
    0.0 0.0 0.0 0.0 
  WALPHA = 0.0 0.0 0.0 0.0 0.0 0.0 0.0 0.0 0.0 0.0 0.0 0.0 0.0 0.0 0.0  
    0.0 0.0 0.0 0.0 0.0 0.0 0.0 0.0 0.0 0.0 0.0 0.0 0.0 0.0 0.0 0.0 0.0  
    0.0 0.0 0.0 0.0 0.0 0.0 0.0 0.0 0.0 0.0 0.0 0.0 0.0 0.0 0.0 0.0 0.0  
    0.0 0.0 
  CHIE = 0.0 0.0 0.0 0.0 0.0 0.0 0.0 0.0 0.0 0.0 0.0 0.0 0.0 0.0 0.0  
    0.0 0.0 0.0 0.0 0.0 0.0 0.0 0.0 0.0 0.0 0.0 0.0 0.0 0.0 0.0 0.0 0.0  
    0.0 0.0 0.0 0.0 0.0 0.0 0.0 0.0 0.0 0.0 0.0 0.0 0.0 0.0 0.0 0.0 0.0  
    0.0 0.0 
  CHII = 0.0 0.0 0.0 0.0 0.0 0.0 0.0 0.0 0.0 0.0 0.0 0.0 0.0 0.0 0.0  
    0.0 0.0 0.0 0.0 0.0 0.0 0.0 0.0 0.0 0.0 0.0 0.0 0.0 0.0 0.0 0.0 0.0  
    0.0 0.0 0.0 0.0 0.0 0.0 0.0 0.0 0.0 0.0 0.0 0.0 0.0 0.0 0.0 0.0 0.0  
    0.0 0.0 
  NBDRY = 100 
  RBDRY = 4.52700901 4.53864527 4.55134392 4.56503487 4.5797205  
    4.59549522 4.6125493 4.63116598 4.65169144 4.67448282 4.69983673  
    4.72792387 4.75871086 4.79193592 4.82709837 4.86351347 4.90041018  
    4.93707514 4.97302055 5.00815344 5.0429244 5.07840776 5.11632442  
    5.15895748 5.20899582 5.26928329 5.34253263 5.4310174 5.53628635  
    5.65894556 5.79852438 5.95346498 6.12121439 6.29843044 6.48125172  
    6.66562462 6.84761238 7.02368259 7.19090366 7.3470664 7.49069786  
    7.62099314 7.73767281 7.84080696 7.93063402 8.00740242 8.07125664  
    8.12218666 8.16003418 8.18455219 8.19548798 8.19268322 8.17615032  
    8.1461277 8.10308361 8.04768372 7.9807229 7.90304279 7.81544352  
    7.71861696 7.61311722 7.49936867 7.37771034 7.24848366 7.11211872  
    6.96923637 6.82071733 6.66773462 6.51175499 6.35447168 6.1977253  
    6.04337788 5.89319754 5.74874067 5.6112752 5.48172474 5.3606739  
    5.24839687 5.14491701 5.05009127 4.96368361 4.88543034 4.81508493  
    4.75243711 4.69730091 4.64949656 4.60880661 4.57495451 4.54757309  
    4.52620173 4.51029634 4.49926043 4.49247503 4.48934031 4.48930931  
    4.49190187 4.49672174 4.50344849 4.51182079 4.52162504 
  ZBDRY = 0.368763387 0.144836441 -0.0781980157 -0.299450696  
    -0.518039703 -0.733093679 -0.94375515 -1.14918518 -1.34856284  
    -1.54109609 -1.72601604 -1.90258467 -2.07009983 -2.22789216  
    -2.37533426 -2.51183724 -2.63685727 -2.74989581 -2.85050344  
    -2.93827701 -3.01286864 -3.07397914 -3.12136626 -3.15484095  
    -3.17426896 -3.17957449 -3.17073393 -3.14778495 -3.11081719  
    -3.05997944 -2.99547386 -2.91755652 -2.82653999 -2.722785  
    -2.60670662 -2.47876787 -2.33947706 -2.18939042 -2.02910733  
    -1.85926425 -1.68054092 -1.49364686 -1.29932952 -1.0983634  
    -0.891547799 -0.679708779 -0.463690042 -0.244352937 -0.0225718245  
    0.20076935 0.424780041 0.648567617 0.871239722 1.09190845  
    1.30969548 1.52373123 1.73316264 1.93715465 2.13489532 2.32559633  
    2.50849509 2.6828661 2.84801149 3.00327373 3.14803457 3.28171587  
    3.40378571 3.51375651 3.6111908 3.69570041 3.76694751 3.82464767  
    3.86857224 3.89854598 3.91444802 3.91621685 3.90384388 3.87737942  
    3.83692813 3.78265238 3.71476746 3.63354397 3.53930616 3.43243074  
    3.31334162 3.18251538 3.04047179 2.88777828 2.72504401 2.5529151  
    2.37208152 2.18326068 1.98720717 1.78470266 1.5765537 1.36358976  
    1.14665961 0.926629245 0.704375029 0.480782747 
  NLIM = 10 
  RLIM = 8.2460928 8.2460928 8.12097073 4.45904875 4.43896866  
    4.43896866 4.45883799 8.12601089 8.2460928 8.2460928 
  ZLIM = 0.368761837 3.89885736 3.96721196 3.96721196 3.86538243  
    -3.12341785 -3.22968507 -3.22968507 -3.09333563 0.368761837 
/

