  1.688643825789200E-004
  1.687376562565200E-002
  1.578632081328000E-002
  1.474034883325600E-002
  1.367250004278200E-002
  1.251156597772900E-002
  1.158314306989700E-002
  1.105382725520100E-002
  1.036606630899800E-002
  9.514512470487801E-003
  8.698572956295799E-003
  7.916233158948001E-003
  7.163881116743900E-003
  6.452384538607500E-003
  5.775892874477300E-003
  5.133910849894300E-003
  4.526264674349100E-003
  3.952841677783100E-003
  3.413356469909800E-003
  8.003853302329800E-003
  1.849447685180400E-002
  2.835914270516500E-002
  3.818551190145100E-002
  4.768368154671500E-002
  5.768578011850700E-002
  6.760119527364200E-002
  7.519633784293600E-002
  8.410033761319100E-002
  9.366824533196400E-002
  0.100310299262460     
  0.110344114501980     
  0.117257287397380     
  0.181356224993740     
  0.236162263953670     
  0.269650281959640     
  0.308614698643950     
  0.361731303606190     
  3.617313036061000E-003
