  1.650214836471187E-004
  1.649022059326507E-002
  1.542810948132820E-002
  1.440606280704165E-002
  1.336802596531300E-002
  1.225701237200499E-002
  1.140035165800075E-002
  1.092011378210577E-002
  1.024955739285709E-002
  9.407576658249662E-003
  8.600810614553244E-003
  7.827271854236855E-003
  7.083453774164853E-003
  6.380044130423600E-003
  5.711226646851430E-003
  5.076487393225818E-003
  4.475705195255942E-003
  3.908718605189058E-003
  3.375286967058205E-003
  7.914693828652118E-003
  1.829484764516397E-002
  2.809762035125135E-002
  3.787882622548652E-002
  4.730204227720307E-002
  5.743003640149703E-002
  6.747247088996497E-002
  7.509586599454768E-002
  8.409244834091556E-002
  9.365600095465998E-002
  0.100250254342231     
  0.110079811527945     
  0.116661423590113     
  0.126486128908099     
  0.138004180866667     
  0.147021751135339     
  0.149527478971221     
  0.149480728344032     
  1.356249282482082E-003
