 -8.896922342333977E-002
 -8.076955391487040E-002
 -6.676269240891478E-002
 -5.628802865523586E-002
 -4.795307998572355E-002
 -4.089534034378197E-002
 -3.484858024179972E-002
 -2.968374105669319E-002
 -2.503704755926399E-002
 -2.100001209765037E-002
 -1.754690699072053E-002
 -1.442169391561965E-002
 -1.158234019139816E-002
 -9.098961215641424E-003
 -7.002726717575611E-003
 -5.185724513495707E-003
 -3.578068526561479E-003
 -2.167497161039422E-003
 -9.530193956988203E-004
  9.530193956988203E-004
  5.202566210202930E-003
  1.246899210743742E-002
  2.219719521549508E-002
  3.378503295384438E-002
  4.685330741930517E-002
  6.097433392724023E-002
  7.583735130180326E-002
  9.113621879262458E-002
  0.106669611677814     
  0.122372079751610     
  0.138159117746391     
  0.153952823222986     
  0.169676728470511     
  0.185239900975651     
  0.200633136196497     
  0.215885526459507     
  0.230980689298688     
  0.238562395899450     
