 -8.340958136919549E-002
 -7.945598368775682E-002
 -7.176246958742166E-002
 -6.434097298404631E-002
 -5.721087616828192E-002
 -5.039033355492181E-002
 -4.389918603926939E-002
 -3.776172358707025E-002
 -3.200004251591012E-002
 -2.664045511384398E-002
 -2.170291860499603E-002
 -1.720850294732862E-002
 -1.318566530664475E-002
 -9.655917556337754E-003
 -6.641002936577795E-003
 -4.165581707459384E-003
 -2.249612675881460E-003
 -9.167830482626343E-004
 -1.848705085387148E-004
  1.848705085387148E-004
  7.045094926623197E-004
  1.637329588655922E-003
  2.979544275681534E-003
  4.722013879692039E-003
  6.857445456428288E-003
  9.385505466145541E-003
  1.229739244266655E-002
  1.558898310044408E-002
  1.926204404101828E-002
  2.331375292684197E-002
  2.773488436813605E-002
  3.252606467270835E-002
  3.769018616985884E-002
  4.321851289653859E-002
  4.911995801144288E-002
  5.538712221594640E-002
  6.202263871712153E-002
  6.547170368026915E-002
