 -8.895571289153684E-002
 -8.075986706654029E-002
 -6.676022333766962E-002
 -5.628022961696391E-002
 -4.794645839611002E-002
 -4.089190080168516E-002
 -3.485155052624485E-002
 -2.969470359709267E-002
 -2.503782901492246E-002
 -2.101187240017546E-002
 -1.757069246923437E-002
 -1.443736560557976E-002
 -1.159023861007948E-002
 -9.120528471767447E-003
 -7.038657511962254E-003
 -5.214836054126204E-003
 -3.600037504614337E-003
 -2.182548947508689E-003
 -9.565774330557025E-004
  9.565774330556887E-004
  5.182557762988552E-003
  1.242561296460479E-002
  2.213337245565709E-002
  3.368487886646337E-002
  4.672149804675038E-002
  6.081473276513946E-002
  7.565367647210650E-002
  9.092550520337864E-002
  0.106436075910936     
  0.122125688552480     
  0.137901438674547     
  0.153685321292239     
  0.169397298853062     
  0.184949706354413     
  0.200336426409331     
  0.215582838974761     
  0.230672529059322     
  0.238251591834385     
