  KFIT     08/03/2019    #12345   0ms              3  65  65
 1.140000000E+00 2.220000000E+00 4.387161740E-01 1.000000000E-02 0.000000000E+00
 5.246887397E-01-6.427865197E-04-6.965330551E-03-1.491900184E-03 3.938765202E-01
 3.002987405E+05-6.965330551E-03 0.000000000E+00 5.246887397E-01 0.000000000E+00
-6.427865197E-04 0.000000000E+00-1.491900184E-03 0.000000000E+00 0.000000000E+00
 1.760216057E-01 1.760396541E-01 1.760565431E-01 1.760719770E-01 1.760857199E-01
 1.760975433E-01 1.761071893E-01 1.761144830E-01 1.761192313E-01 1.761212159E-01
 1.761202881E-01 1.761163083E-01 1.761091310E-01 1.760986407E-01 1.760847097E-01
 1.760672408E-01 1.760461784E-01 1.760214386E-01 1.759929703E-01 1.759607239E-01
 1.759247128E-01 1.758848743E-01 1.758412422E-01 1.757938406E-01 1.757427124E-01
 1.756878547E-01 1.756293546E-01 1.755673182E-01 1.755017891E-01 1.754328910E-01
 1.753607411E-01 1.752854649E-01 1.752072234E-01 1.751261827E-01 1.750424970E-01
 1.749563708E-01 1.748680126E-01 1.747776297E-01 1.746854884E-01 1.745918082E-01
 1.744968557E-01 1.744009365E-01 1.743043404E-01 1.742073612E-01 1.741103422E-01
 1.740136304E-01 1.739175574E-01 1.738225106E-01 1.737288989E-01 1.736371023E-01
 1.735475317E-01 1.734606509E-01 1.733768995E-01 1.732967097E-01 1.732206196E-01
 1.731490830E-01 1.730826319E-01 1.730217770E-01 1.729670627E-01 1.729190609E-01
 1.728783332E-01 1.728454501E-01 1.728210198E-01 1.728057134E-01 1.728000194E-01
 2.959037354E+03 2.924357530E+03 2.889338148E+03 2.853889178E+03 2.817931468E+03
 2.781388564E+03 2.744190575E+03 2.706272791E+03 2.667576937E+03 2.628049547E+03
 2.587642746E+03 2.546314897E+03 2.504029767E+03 2.460756274E+03 2.416469440E+03
 2.371150026E+03 2.324783706E+03 2.277362404E+03 2.228883682E+03 2.179350104E+03
 2.128770615E+03 2.077159318E+03 2.024535862E+03 1.970925808E+03 1.916360373E+03
 1.860876109E+03 1.804515154E+03 1.747325658E+03 1.689361068E+03 1.630680468E+03
 1.571348710E+03 1.511436164E+03 1.451018746E+03 1.390178040E+03 1.329001468E+03
 1.267581757E+03 1.206017344E+03 1.144412436E+03 1.082876594E+03 1.021525180E+03
 9.604791479E+02 8.998650533E+02 8.398151070E+02 7.804670379E+02 7.219642310E+02
 6.644558020E+02 6.080963237E+02 5.530460241E+02 4.994708651E+02 4.475422968E+02
 3.974374158E+02 3.493389524E+02 3.034352612E+02 2.599203278E+02 2.189936994E+02
 1.808605817E+02 1.457317667E+02 1.138237774E+02 8.535841361E+01 6.056406895E+01
 3.967182610E+01 2.292693791E+01 1.055706906E+01 2.850607779E+00 8.583826013E-03
 3.820446134E-02 3.607436791E-02 3.338134178E-02 3.014878053E-02 2.641082776E-02
 2.219526135E-02 1.753253541E-02 1.245211863E-02 6.983817385E-03 1.157328805E-03
-4.997616596E-03-1.145129793E-02-1.817399258E-02-2.513597622E-02-3.230752565E-02
-3.965892086E-02-4.716043750E-02-5.478235672E-02-6.249494296E-02-7.026848708E-02
-7.807325603E-02-8.587953753E-02-9.365759788E-02-1.013777207E-01-1.090101806E-01
-1.165252576E-01-1.238932217E-01-1.310843642E-01-1.380689562E-01-1.448172613E-01
-1.512995577E-01-1.574861482E-01-1.633473022E-01-1.688532685E-01-1.739743410E-01
-1.786808090E-01-1.829429399E-01-1.867310154E-01-1.900153110E-01-1.927660890E-01
-1.949536487E-01-1.965482483E-01-1.975201674E-01-1.978397111E-01-1.974771303E-01
-1.964027055E-01-1.945867016E-01-1.919994049E-01-1.886111072E-01-1.843920840E-01
-1.793125966E-01-1.733429217E-01-1.664533593E-01-1.586141630E-01-1.497956239E-01
-1.399679952E-01-1.291015906E-01-1.171666455E-01-1.041335048E-01-8.997227074E-02
-7.465376179E-02-5.814665283E-02-4.042551463E-02-2.145085016E-02-1.206928515E-03
-4.041585000E+05-4.076229898E+05-4.121310351E+05-4.176288767E+05-4.240423814E+05
-4.313095150E+05-4.393631567E+05-4.481380459E+05-4.575683737E+05-4.675883080E+05
-4.781322408E+05-4.891343921E+05-5.005290038E+05-5.122504211E+05-5.242328508E+05
-5.364105001E+05-5.487177601E+05-5.610888619E+05-5.734580042E+05-5.857595527E+05
-5.979277263E+05-6.098967927E+05-6.216010121E+05-6.329746853E+05-6.439520037E+05
-6.544673388E+05-6.644549148E+05-6.738489859E+05-6.825838728E+05-6.905938017E+05
-6.978130154E+05-7.041757870E+05-7.096164330E+05-7.140692231E+05-7.174684009E+05
-7.197481908E+05-7.208429230E+05-7.206868348E+05-7.192141699E+05-7.163592856E+05
-7.120563781E+05-7.062397538E+05-6.988436398E+05-6.898022987E+05-6.790500530E+05
-6.665211539E+05-6.521498347E+05-6.358704290E+05-6.176171232E+05-5.973242412E+05
-5.749260755E+05-5.503568439E+05-5.235507619E+05-4.944421903E+05-4.629653632E+05
-4.290545557E+05-3.926440560E+05-3.536680845E+05-3.120610043E+05-2.677567085E+05
-2.206907873E+05-1.707936226E+05-1.180097391E+05-6.225019193E+04-3.482431396E+03
 2.912210221E-06 1.761948988E-05 4.780440213E-05 8.986444300E-05 1.516278717E-04
 2.210009698E-04 3.165868984E-04 4.309569194E-04 5.563610466E-04 6.977798184E-04
 8.586373297E-04 1.036224421E-03 1.235357020E-03 1.452146680E-03 1.692944323E-03
 1.952575054E-03 2.239031019E-03 2.545791911E-03 2.882544184E-03 3.241397440E-03
 3.633709857E-03 4.050191958E-03 4.503664095E-03 4.983207677E-03 5.502354819E-03
 6.047528237E-03 6.630825344E-03 7.233179640E-03 7.862074301E-03 8.492843248E-03
 9.133453481E-03 9.763437323E-03 1.039995532E-02 1.103207283E-02 1.168862451E-02
 1.236103661E-02 1.308188960E-02 1.384190656E-02 1.466576010E-02 1.554312557E-02
 1.649786532E-02 1.752100699E-02 1.863828301E-02 1.984461583E-02 2.116924524E-02
 2.261200175E-02 2.420305274E-02 2.593496256E-02 2.779530175E-02 2.962609380E-02
 3.086513840E-02 3.085321374E-02 3.025068343E-02 2.957802452E-02 2.898256667E-02
 2.848200686E-02 2.808009833E-02 2.775524557E-02 2.749956772E-02 2.729341947E-02
 2.713029273E-02 2.699599043E-02 2.688559517E-02 2.678986825E-02 2.670530416E-02
 8.349539939E-07 1.559620432E-05 4.410453039E-05 8.644968329E-05 1.434969163E-04
 2.150801593E-04 3.030918888E-04 4.073852033E-04 5.273591378E-04 6.636826438E-04
 8.172818925E-04 9.887313936E-04 1.179075101E-03 1.388888108E-03 1.619387069E-03
 1.871156855E-03 2.145588864E-03 2.443254925E-03 2.765687881E-03 3.113385523E-03
 3.487928770E-03 3.889600746E-03 4.319806118E-03 4.778284580E-03 5.265778862E-03
 5.780841690E-03 6.322757341E-03 6.888152100E-03 7.474551909E-03 8.077472448E-03
 8.694949560E-03 9.324708953E-03 9.968505241E-03 1.062840503E-02 1.131037995E-02
 1.201921236E-02 1.276247296E-02 1.354502514E-02 1.437315904E-02 1.525062602E-02
 1.618270017E-02 1.717223972E-02 1.822339743E-02 1.933721639E-02 2.051425911E-02
 2.174869180E-02 2.302784659E-02 2.432172187E-02 2.557523176E-02 2.669085376E-02
 2.752927132E-02 2.799546160E-02 2.817073092E-02 2.818030864E-02 2.811349370E-02
 2.802181616E-02 2.793325298E-02 2.786003985E-02 2.780689299E-02 2.777327411E-02
 2.775708959E-02 2.775479294E-02 2.776319720E-02 2.777918242E-02 2.780049294E-02
 9.022579093E-07 1.398590666E-05 4.038249608E-05 8.019830420E-05 1.337120484E-04
 2.012709301E-04 2.834256738E-04 3.805857850E-04 4.931190633E-04 6.215646281E-04
 7.665908779E-04 9.289212176E-04 1.109363744E-03 1.308744890E-03 1.527964370E-03
 1.767911366E-03 2.029537456E-03 2.313745907E-03 2.621478168E-03 2.953571035E-03
 3.310851753E-03 3.693954786E-03 4.103416111E-03 4.539451096E-03 5.002047401E-03
 5.490727723E-03 6.004699506E-03 6.542698480E-03 7.103338372E-03 7.685170975E-03
 8.287251927E-03 8.909252472E-03 9.551905096E-03 1.021682285E-02 1.090659481E-02
 1.162424684E-02 1.237318479E-02 1.315657794E-02 1.397735067E-02 1.483776048E-02
 1.573944092E-02 1.668290049E-02 1.766733453E-02 1.868975721E-02 1.974425465E-02
 2.082038671E-02 2.190161124E-02 2.296309359E-02 2.397057228E-02 2.488158830E-02
 2.565390244E-02 2.626455016E-02 2.672577463E-02 2.707027458E-02 2.733319439E-02
 2.754363790E-02 2.772279084E-02 2.788457088E-02 2.803734504E-02 2.818544209E-02
 2.833063714E-02 2.847318724E-02 2.861280181E-02 2.874941379E-02 2.888404950E-02
-3.576071322E-06 9.833322110E-06 3.478632425E-05 7.169046876E-05 1.209929906E-04
 1.831544359E-04 2.586736518E-04 3.480712767E-04 4.519050708E-04 5.708012031E-04
 7.054587477E-04 8.566406323E-04 1.025166363E-03 1.211896772E-03 1.417727210E-03
 1.643569092E-03 1.890339889E-03 2.158941235E-03 2.450244501E-03 2.765061101E-03
 3.104123985E-03 3.468048293E-03 3.857310629E-03 4.272206686E-03 4.712835420E-03
 5.179077387E-03 5.670615006E-03 6.186970044E-03 6.727600936E-03 7.292020135E-03
 7.879952900E-03 8.491454646E-03 9.127008729E-03 9.787526913E-03 1.047429536E-02
 1.118882746E-02 1.193270553E-02 1.270735916E-02 1.351388823E-02 1.435283944E-02
 1.522400137E-02 1.612612791E-02 1.705661044E-02 1.801106706E-02 1.898285747E-02
 1.996254735E-02 2.093749866E-02 2.189174294E-02 2.280662768E-02 2.366272919E-02
 2.444346063E-02 2.513969876E-02 2.575253695E-02 2.629111521E-02 2.676835284E-02
 2.719741501E-02 2.758963034E-02 2.795362659E-02 2.829526179E-02 2.861794829E-02
 2.892322652E-02 2.921139821E-02 2.948216721E-02 2.973523550E-02 2.997067384E-02
-1.429563781E-06 8.490716937E-06 2.965931162E-05 6.206224498E-05 1.058439811E-04
 1.613233762E-04 2.289492550E-04 3.092665866E-04 4.029001866E-04 5.105488235E-04
 6.329799653E-04 7.710224018E-04 9.255568148E-04 1.097504050E-03 1.287813066E-03
 1.497445744E-03 1.727361348E-03 1.978499349E-03 2.251760336E-03 2.547986805E-03
 2.867942210E-03 3.212291282E-03 3.581580939E-03 3.976226319E-03 4.396502860E-03
 4.842546303E-03 5.314370152E-03 5.811898503E-03 6.335013546E-03 6.883616094E-03
 7.457693107E-03 8.057364263E-03 8.682916872E-03 9.334800765E-03 1.001358684E-02
 1.071989071E-02 1.145426650E-02 1.221708208E-02 1.300838217E-02 1.382772811E-02
 1.467404235E-02 1.554542221E-02 1.643895172E-02 1.735049486E-02 1.827453263E-02
 1.920403168E-02 2.013048343E-02 2.104416117E-02 2.193474211E-02 2.279232815E-02
 2.360882610E-02 2.437926456E-02 2.510245331E-02 2.578052133E-02 2.641770057E-02
 2.701895125E-02 2.758883126E-02 2.813074365E-02 2.864653990E-02 2.913645469E-02
 2.959928289E-02 3.003281727E-02 3.043452278E-02 3.080249205E-02 3.113679960E-02
-8.751140740E-06 2.245173391E-06 2.158620373E-05 4.984422412E-05 8.759642515E-05
 1.354018023E-04 1.938486967E-04 2.635840210E-04 3.453255922E-04 4.398647579E-04
 5.480634281E-04 6.708471337E-04 8.091952768E-04 9.641292272E-04 1.136697945E-03
 1.327962498E-03 1.538979239E-03 1.770781586E-03 2.024362329E-03 2.300654538E-03
 2.600515494E-03 2.924710279E-03 3.273899667E-03 3.648630809E-03 4.049336072E-03
 4.476334900E-03 4.929847550E-03 5.410013255E-03 5.916917231E-03 6.450623274E-03
 7.011196576E-03 7.598732132E-03 8.213359863E-03 8.855236694E-03 9.524517693E-03
 1.022131369E-02 1.094562095E-02 1.169724483E-02 1.247571502E-02 1.328018215E-02
 1.410932373E-02 1.496124547E-02 1.583338715E-02 1.672245003E-02 1.762436330E-02
 1.853431016E-02 1.944684051E-02 2.035610378E-02 2.125623077E-02 2.214179747E-02
 2.300837636E-02 2.385293320E-02 2.467401884E-02 2.547155507E-02 2.624634653E-02
 2.699942142E-02 2.773136832E-02 2.844172902E-02 2.912853658E-02 2.978800796E-02
 3.041449189E-02 3.100067377E-02 3.153814003E-02 3.201834485E-02 3.243366629E-02
-4.329043350E-06 1.195211212E-06 1.493370837E-05 3.676641063E-05 6.679003127E-05
 1.053510787E-04 1.529819274E-04 2.103557345E-04 2.782609372E-04 3.575856390E-04
 4.493059241E-04 5.544743617E-04 6.742071710E-04 8.096698439E-04 9.620603523E-04
 1.132591628E-03 1.322471420E-03 1.532882918E-03 1.764964894E-03 2.019791864E-03
 2.298358129E-03 2.601562301E-03 2.930196701E-03 3.284940030E-03 3.666355507E-03
 4.074893892E-03 4.510901868E-03 4.974633921E-03 5.466269795E-03 5.985928234E-03
 6.533686537E-03 7.109585684E-03 7.713638246E-03 8.345820010E-03 9.006053209E-03
 9.694180451E-03 1.040992420E-02 1.115284581E-02 1.192229614E-02 1.271735784E-02
 1.353680342E-02 1.437904779E-02 1.524211373E-02 1.612362638E-02 1.702082902E-02
 1.793064363E-02 1.884976774E-02 1.977484301E-02 2.070264705E-02 2.163032629E-02
 2.255559340E-02 2.347687073E-02 2.439328469E-02 2.530450746E-02 2.621043101E-02
 2.711069211E-02 2.800411917E-02 2.888807468E-02 2.975777164E-02 3.060559370E-02
 3.142051771E-02 3.218786418E-02 3.288976848E-02 3.350697085E-02 3.402299806E-02
-1.515815075E-05-7.613049092E-06 3.918222774E-06 2.023538764E-05 4.211753912E-05
 7.029201515E-05 1.055118410E-04 1.486053225E-04 2.004981216E-04 2.622192551E-04
 3.348978644E-04 4.197546805E-04 5.180890439E-04 6.312623736E-04 7.606784347E-04
 9.077613358E-04 1.073931577E-03 1.260581659E-03 1.469051698E-03 1.700606663E-03
 1.956416760E-03 2.237541368E-03 2.544915304E-03 2.879345091E-03 3.241501749E-03
 3.631929634E-03 4.051047843E-03 4.499164876E-03 4.976488650E-03 5.483141635E-03
 6.019172259E-03 6.584561896E-03 7.179232314E-03 7.803043351E-03 8.455785923E-03
 9.137170389E-03 9.846809320E-03 1.058419328E-02 1.134867687E-02 1.213944703E-02
 1.295551099E-02 1.379568689E-02 1.465860568E-02 1.554272324E-02 1.644636504E-02
 1.736778207E-02 1.830523461E-02 1.925709844E-02 2.022199146E-02 2.119888365E-02
 2.218719386E-02 2.318683080E-02 2.419817075E-02 2.522189356E-02 2.625874244E-02
 2.730909176E-02 2.837237343E-02 2.944626100E-02 3.052558191E-02 3.160086647E-02
 3.265649080E-02 3.366851434E-02 3.460256383E-02 3.541307896E-02 3.604692593E-02
-8.043055459E-06-8.372048796E-06-4.631259799E-06 2.938276793E-06 1.439097468E-05
 3.012915113E-05 5.081400741E-05 7.730475772E-05 1.106264608E-04 1.519520883E-04
 2.025896974E-04 2.639689192E-04 3.376247187E-04 4.251765495E-04 5.283037899E-04
 6.487159408E-04 7.881217753E-04 9.481953457E-04 1.130544464E-03 1.336680492E-03
 1.567992498E-03 1.825726707E-03 2.110973466E-03 2.424657578E-03 2.767538419E-03
 3.140214132E-03 3.543131985E-03 3.976601176E-03 4.440807272E-03 4.935829900E-03
 5.461655557E-03 6.018192042E-03 6.605274044E-03 7.222672459E-03 7.870093919E-03
 8.547183126E-03 9.253514931E-03 9.988593869E-03 1.075184718E-02 1.154262479E-02
 1.236020029E-02 1.320378203E-02 1.407253277E-02 1.496559754E-02 1.588215493E-02
 1.682147197E-02 1.778297871E-02 1.876636222E-02 1.977165230E-02 2.079932764E-02
 2.185037732E-02 2.292637900E-02 2.402949892E-02 2.516245842E-02 2.632838860E-02
 2.753058076E-02 2.877204865E-02 3.005477227E-02 3.137846291E-02 3.273851424E-02
 3.412255272E-02 3.550479561E-02 3.683672845E-02 3.803223372E-02 3.894481063E-02
-2.331591713E-05-2.042147025E-05-1.932759187E-05-1.895712558E-05-1.828418863E-05
-1.637454443E-05-1.226838231E-05-4.901610282E-06 6.934164048E-06 2.460881842E-05
 4.965729022E-05 8.377371705E-05 1.287966297E-04 1.866854727E-04 2.594880643E-04
 3.493005061E-04 4.582217371E-04 5.883061094E-04 7.415168220E-04 9.196833707E-04
 1.124465838E-03 1.357328962E-03 1.619525137E-03 1.912085922E-03 2.235824708E-03
 2.591346391E-03 2.979065990E-03 3.399230307E-03 3.851941787E-03 4.337182269E-03
 4.854832310E-03 5.404690746E-03 5.986488890E-03 6.599902641E-03 7.244563196E-03
 7.920063101E-03 8.625959978E-03 9.361786768E-03 1.012705453E-02 1.092126500E-02
 1.174392179E-02 1.259455271E-02 1.347273961E-02 1.437815279E-02 1.531060506E-02
 1.627011225E-02 1.725696586E-02 1.827182621E-02 1.931582019E-02 2.039064467E-02
 2.149870247E-02 2.264321037E-02 2.382834442E-02 2.505937591E-02 2.634281106E-02
 2.768652700E-02 2.909988910E-02 3.059377335E-02 3.218037263E-02 3.387254477E-02
 3.568204492E-02 3.761544824E-02 3.966485336E-02 4.178723320E-02 4.385811463E-02
-1.282963694E-05-2.079939804E-05-3.019654469E-05-4.144400373E-05-5.457571024E-05
-6.915690756E-05-8.440032252E-05-9.924030746E-05-1.123648181E-04-1.222254650E-04
-1.270409848E-04-1.248024491E-04-1.132878169E-04-9.008924826E-05-5.265812797E-05
 1.635098897E-06 7.542972889E-05 1.713039674E-04 2.917024540E-04 4.388721136E-04
 6.148091052E-04 8.212295943E-04 1.059549279E-03 1.330877305E-03 1.636020839E-03
 1.975509804E-03 2.349633258E-03 2.758482005E-03 3.201987827E-03 3.679956309E-03
 4.192098510E-03 4.738052376E-03 5.317406263E-03 5.929715000E-03 6.574511528E-03
 7.251322269E-03 7.959674112E-03 8.699107915E-03 9.469188750E-03 1.026952360E-02
 1.109977812E-02 1.195969991E-02 1.284915581E-02 1.376816723E-02 1.471696328E-02
 1.569604501E-02 1.670625992E-02 1.774889603E-02 1.882578805E-02 1.993945800E-02
 2.109327167E-02 2.229164913E-02 2.354030311E-02 2.484658360E-02 2.621992305E-02
 2.767244726E-02 2.921984531E-02 3.088264167E-02 3.268809244E-02 3.467309475E-02
 3.688887507E-02 3.940885887E-02 4.234265909E-02 4.586264491E-02 5.025790259E-02
-3.370464765E-05-3.685417323E-05-4.933114542E-05-6.976501754E-05-9.689024591E-05
-1.295965048E-04-1.667556062E-04-2.070970222E-04-2.491314954E-04-2.911025367E-04
-3.309521126E-04-3.663001989E-04-3.944398195E-04-4.123600957E-04-4.168040177E-04
-4.043771769E-04-3.716658975E-04-3.153489088E-04-2.322990185E-04-1.197125675E-04
 2.481437150E-05 2.032714547E-04 4.172317858E-04 6.678241771E-04 9.557376616E-04
 1.281266683E-03 1.644407399E-03 2.044945490E-03 2.482516225E-03 2.956645330E-03
 3.466788214E-03 4.012357444E-03 4.592746031E-03 5.207346752E-03 5.855563097E-03
 6.536826026E-03 7.250601891E-03 7.996405475E-03 8.773813024E-03 9.582473896E-03
 1.042213477E-02 1.129265875E-02 1.219405700E-02 1.312652882E-02 1.409050450E-02
 1.508670393E-02 1.611621119E-02 1.718055271E-02 1.828181557E-02 1.942277513E-02
 2.060706913E-02 2.183941007E-02 2.312588878E-02 2.447435074E-02 2.589495666E-02
 2.740095183E-02 2.900979109E-02 3.074478917E-02 3.263763711E-02 3.473220021E-02
 3.709036112E-02 3.980095685E-02 4.299313203E-02 4.685495421E-02 5.165533349E-02
-1.886994141E-05-3.651334919E-05-6.265402044E-05-9.803158900E-05-1.429113909E-04
-1.969696750E-04-2.594390244E-04-3.291895846E-04-4.047436814E-04-4.842498456E-04
-5.654345150E-04-6.455449620E-04-7.212987402E-04-7.888612454E-04-8.438884397E-04
-8.818100323E-04-8.980870480E-04-8.883283590E-04-8.483252022E-04-7.744968170E-04
-6.640669308E-04-5.148099735E-04-3.249610309E-04-9.341890836E-05 1.801644539E-04
 4.954790929E-04 8.518781397E-04 1.248634420E-03 1.684931573E-03 2.159894910E-03
 2.672632458E-03 3.222263185E-03 3.807935631E-03 4.428842571E-03 5.084231962E-03
 5.773413926E-03 6.495767739E-03 7.250749506E-03 8.037903346E-03 8.856868371E-03
 9.707396850E-03 1.058936957E-02 1.150282193E-02 1.244797092E-02 1.342525147E-02
 1.443536207E-02 1.547932159E-02 1.655852981E-02 1.767485216E-02 1.883072592E-02
 2.002928220E-02 2.127451077E-02 2.257146686E-02 2.392655239E-02 2.534787729E-02
 2.684575692E-02 2.843339369E-02 3.012783639E-02 3.195134550E-02 3.393343836E-02
 3.611401096E-02 3.854861483E-02 4.131790623E-02 4.454645514E-02 4.844382778E-02
-4.648644608E-05-5.711893755E-05-8.648815128E-05-1.329930965E-04-1.952527236E-04
-2.721752098E-04-3.627192345E-04-4.657105601E-04-5.797101767E-04-7.028981345E-04
-8.329476696E-04-9.668739513E-04-1.100853318E-03-1.230039401E-03-1.347944140E-03
-1.447928138E-03-1.523987274E-03-1.570629538E-03-1.580995508E-03-1.550222165E-03
-1.476241159E-03-1.357004861E-03-1.189847710E-03-9.734422201E-04-7.081987569E-04
-3.962836636E-04-3.992766506E-05 3.596859460E-04 8.012141334E-04 1.283248886E-03
 1.804483472E-03 2.363696694E-03 2.959768753E-03 3.591681598E-03 4.258519970E-03
 4.959469195E-03 5.693813786E-03 6.460939068E-03 7.260331884E-03 8.091584779E-03
 8.954402991E-03 9.848616086E-03 1.077418681E-02 1.173123717E-02 1.272005774E-02
 1.374114491E-02 1.479522325E-02 1.588328369E-02 1.700662263E-02 1.816689223E-02
 1.936615258E-02 2.060692757E-02 2.189227566E-02 2.322584577E-02 2.461193129E-02
 2.605547197E-02 2.756198682E-02 2.913730964E-02 3.078691289E-02 3.251447901E-02
 3.431880474E-02 3.618736193E-02 3.808281571E-02 3.991420567E-02 4.147430137E-02
-2.606635462E-05-5.524714652E-05-1.015065354E-04-1.661160932E-04-2.498453250E-04
-3.528209345E-04-4.747241037E-04-6.148988032E-04-7.723627496E-04-9.457449778E-04
-1.133152167E-03-1.331939478E-03-1.538308687E-03-1.748548704E-03-1.948332647E-03
-2.126227366E-03-2.273696475E-03-2.384167165E-03-2.452140907E-03-2.472911496E-03
-2.442216268E-03-2.355743665E-03-2.209260827E-03-1.999911619E-03-1.728996052E-03
-1.407005242E-03-1.041810843E-03-6.303440314E-04-1.748012437E-04 3.223020176E-04
 8.593439125E-04 1.434760750E-03 2.047193469E-03 2.695451723E-03 3.378492547E-03
 4.095409065E-03 4.845416173E-03 5.627842154E-03 6.442121696E-03 7.287791930E-03
 8.164491504E-03 9.071962908E-03 1.001005061E-02 1.097871549E-02 1.197802741E-02
 1.300818194E-02 1.406949479E-02 1.516241208E-02 1.628750749E-02 1.744546741E-02
 1.863708533E-02 1.986320876E-02 2.112469077E-02 2.242228016E-02 2.375643142E-02
 2.512704395E-02 2.653297409E-02 2.797131054E-02 2.943617851E-02 3.091687895E-02
 3.239499032E-02 3.384006396E-02 3.520360216E-02 3.641197085E-02 3.736202419E-02
-6.104089698E-05-8.022149996E-05-1.290091022E-04-2.057094243E-04-3.090618702E-04
-4.383597407E-04-5.931746564E-04-7.731586229E-04-9.779233951E-04-1.206954010E-03
-1.459536492E-03-1.734700403E-03-2.018603263E-03-2.296167891E-03-2.554963576E-03
-2.785605378E-03-2.981396392E-03-3.137573600E-03-3.250512527E-03-3.317060182E-03
-3.334007226E-03-3.297683783E-03-3.203803673E-03-3.047624370E-03-2.824480878E-03
-2.530590398E-03-2.163731959E-03-1.727873459E-03-1.245182590E-03-7.237698301E-04
-1.623030548E-04 4.368140362E-04 1.072173356E-03 1.742530731E-03 2.446806757E-03
 3.184077796E-03 3.953552339E-03 4.754550755E-03 5.586490966E-03 6.448877510E-03
 7.341293618E-03 8.263397031E-03 9.214913473E-03 1.019563153E-02 1.120539568E-02
 1.224409323E-02 1.331163757E-02 1.440794300E-02 1.553289685E-02 1.668630540E-02
 1.786782593E-02 1.907687820E-02 2.031251043E-02 2.157320827E-02 2.285666764E-02
 2.415942959E-02 2.547642030E-02 2.680033073E-02 2.812078036E-02 2.942327969E-02
 3.068799712E-02 3.188848123E-02 3.299077600E-02 3.395371139E-02 3.473184630E-02
-3.382248542E-05-7.545740664E-05-1.435544691E-04-2.400929225E-04-3.665972326E-04
-5.239980528E-04-7.129283040E-04-9.339254466E-04-1.187535934E-03-1.474358723E-03
-1.795034623E-03-2.132205991E-03-2.467915183E-03-2.787934616E-03-3.081962001E-03
-3.343120450E-03-3.567118896E-03-3.751354991E-03-3.894109745E-03-3.993901890E-03
-4.048992880E-03-4.057014827E-03-4.014702979E-03-3.917715047E-03-3.760540392E-03
-3.536534496E-03-3.238299396E-03-2.859096974E-03-2.395747695E-03-1.852283487E-03
-1.254722942E-03-6.244110409E-04 4.046654794E-05 7.386438665E-04 1.469083247E-03
 2.230962273E-03 3.023588099E-03 3.846352687E-03 4.698715173E-03 5.580189638E-03
 6.490338594E-03 7.428767160E-03 8.395113982E-03 9.389039129E-03 1.041020732E-02
 1.145826839E-02 1.253282279E-02 1.363338903E-02 1.475934312E-02 1.590985991E-02
 1.708381251E-02 1.827966236E-02 1.949530840E-02 2.072789706E-02 2.197358385E-02
 2.322725020E-02 2.448216267E-02 2.572958358E-02 2.695837803E-02 2.815469354E-02
 2.930176444E-02 3.038019687E-02 3.136901557E-02 3.224819526E-02 3.300375864E-02
-7.574817573E-05-1.035976165E-04-1.721174049E-04-2.795883920E-04-4.249815247E-04
-6.081484607E-04-8.295380394E-04-1.090028905E-03-1.390891499E-03-1.733856974E-03
-2.104836982E-03-2.482319716E-03-2.849063138E-03-3.192707896E-03-3.505291184E-03
-3.782262560E-03-4.021397792E-03-4.221844487E-03-4.383358173E-03-4.505743273E-03
-4.588435870E-03-4.630210809E-03-4.628935363E-03-4.581367597E-03-4.482941236E-03
-4.327574279E-03-4.107529297E-03-3.813521238E-03-3.435362130E-03-2.963799750E-03
-2.395166084E-03-1.738906140E-03-1.038149348E-03-3.068756778E-04 4.540040973E-04
 1.244133920E-03 2.063104417E-03 2.910474781E-03 3.785795998E-03 4.688629881E-03
 5.618555006E-03 6.575164851E-03 7.558063138E-03 8.566846140E-03 9.601086378E-03
 1.066030748E-02 1.174394786E-02 1.285131555E-02 1.398153603E-02 1.513346937E-02
 1.630562916E-02 1.749605499E-02 1.870217919E-02 1.992064156E-02 2.114709467E-02
 2.237596735E-02 2.360020019E-02 2.481101640E-02 2.599769086E-02 2.714744397E-02
 2.824550495E-02 2.927542292E-02 3.021965921E-02 3.106020205E-02 3.177830949E-02
-4.113430623E-05-9.453386156E-05-1.832480193E-04-3.099009627E-04-4.766968195E-04
-6.852798979E-04-9.371206979E-04-1.233798917E-03-1.577173825E-03-1.963676652E-03
-2.368563786E-03-2.770831808E-03-3.154892474E-03-3.510524984E-03-3.831917187E-03
-4.116416909E-03-4.363372456E-03-4.573193379E-03-4.746668041E-03-4.884480499E-03
-4.986888729E-03-5.053490866E-03-5.083052907E-03-5.073339678E-03-5.020944402E-03
-4.921062849E-03-4.767248873E-03-4.551140592E-03-4.262296017E-03-3.888391657E-03
-3.416460007E-03-2.836380387E-03-2.149103209E-03-1.380367554E-03-5.869061570E-04
 2.337298647E-04 1.081342110E-03 1.955561806E-03 2.855976578E-03 3.782176180E-03
 4.733764566E-03 5.710358731E-03 6.711580325E-03 7.737037260E-03 8.786310442E-03
 9.858923033E-03 1.095431298E-02 1.207179110E-02 1.321048941E-02 1.436929498E-02
 1.554677170E-02 1.674105600E-02 1.794972084E-02 1.916963607E-02 2.039677091E-02
 2.162597701E-02 2.285075560E-02 2.406297810E-02 2.525266260E-02 2.640778758E-02
 2.751428448E-02 2.855638415E-02 2.951761335E-02 3.038302809E-02 3.114380501E-02
-8.864103438E-05-1.241272112E-04-2.099345293E-04-3.442164452E-04-5.259854952E-04
-7.553460309E-04-1.033180160E-03-1.360985567E-03-1.740905689E-03-2.156839706E-03
-2.583215479E-03-2.999882447E-03-3.392930143E-03-3.754018806E-03-4.079064354E-03
-4.366851877E-03-4.617858678E-03-4.833373241E-03-5.014881492E-03-5.163657479E-03
-5.280506331E-03-5.365592428E-03-5.418314133E-03-5.437194370E-03-5.419755355E-03
-5.362354219E-03-5.259954836E-03-5.105829332E-03-4.891187418E-03-4.604816437E-03
-4.232949577E-03-3.759932704E-03-3.170965938E-03-2.459364710E-03-1.642317511E-03
-7.900241762E-04 8.797398186E-05 9.908952052E-04 1.918192604E-03 2.869440941E-03
 3.844281659E-03 4.842394963E-03 5.863476545E-03 6.907223258E-03 7.973311469E-03
 9.061386809E-03 1.017102972E-02 1.130174100E-02 1.245289296E-02 1.362369675E-02
 1.481313165E-02 1.601987705E-02 1.724220999E-02 1.847788133E-02 1.972394437E-02
 2.097653970E-02 2.223061211E-02 2.347953059E-02 2.471462078E-02 2.592453733E-02
 2.709454671E-02 2.820573002E-02 2.923427336E-02 3.015118092E-02 3.092274815E-02
-4.712189184E-05-1.101856760E-04-2.157183335E-04-3.667172568E-04-5.656974390E-04
-8.145126631E-04-1.114755520E-03-1.468011760E-03-1.875935006E-03-2.312545432E-03
-2.752740169E-03-3.177691251E-03-3.575135488E-03-3.938328009E-03-4.264537711E-03
-4.553614184E-03-4.806844518E-03-5.026126746E-03-5.213421769E-03-5.370404106E-03
-5.498248152E-03-5.597501062E-03-5.667997524E-03-5.708789919E-03-5.718071014E-03
-5.693068728E-03-5.629875697E-03-5.523214117E-03-5.366088822E-03-5.149341188E-03
-4.861138761E-03-4.486605525E-03-4.008126445E-03-3.407661803E-03-2.673908137E-03
-1.818999648E-03-9.075478883E-04 2.617812970E-05 9.819522966E-04 1.959550893E-03
 2.958774799E-03 3.979448695E-03 5.021413323E-03 6.084514316E-03 7.168601733E-03
 8.273516782E-03 9.399090894E-03 1.054513827E-02 1.171144284E-02 1.289774012E-02
 1.410370506E-02 1.532891020E-02 1.657279022E-02 1.783457398E-02 1.911317557E-02
 2.040704712E-02 2.171391062E-02 2.303036489E-02 2.435120568E-02 2.566838078E-02
 2.696931362E-02 2.823436260E-02 2.943325974E-02 3.052086383E-02 3.143469617E-02
-9.852959192E-05-1.399303146E-04-2.389848232E-04-3.935935383E-04-6.025659386E-04
-8.658505394E-04-1.184139750E-03-1.558603370E-03-1.985767856E-03-2.436028793E-03
-2.884736750E-03-3.314211266E-03-3.713529091E-03-4.077180754E-03-4.403448198E-03
-4.692956340E-03-4.947566893E-03-5.169606768E-03-5.361369345E-03-5.524807144E-03
-5.661352072E-03-5.771818105E-03-5.856339354E-03-5.914334673E-03-5.944462959E-03
-5.944560282E-03-5.911535583E-03-5.841202103E-03-5.728010088E-03-5.564664025E-03
-5.341590848E-03-5.046306644E-03-4.662840161E-03-4.171773791E-03-3.552289447E-03
-2.789372811E-03-1.891846536E-03-9.267679998E-04 5.801517909E-05 1.062397845E-03
 2.086346969E-03 3.129866906E-03 4.192972556E-03 5.275687203E-03 6.378049497E-03
 7.500125095E-03 8.642021567E-03 9.803907014E-03 1.098602824E-02 1.218872797E-02
 1.341248211E-02 1.465792023E-02 1.592587307E-02 1.721741259E-02 1.853390411E-02
 1.987702772E-02 2.124879323E-02 2.265143208E-02 2.408711053E-02 2.555717528E-02
 2.706048824E-02 2.858975716E-02 3.012360074E-02 3.160923347E-02 3.292407095E-02
-5.146722106E-05-1.216024539E-04-2.393546019E-04-4.078829661E-04-6.297814543E-04
-9.068809450E-04-1.240689657E-03-1.632703119E-03-2.073313110E-03-2.532616025E-03
-2.986531006E-03-3.418368986E-03-3.818270750E-03-4.181667697E-03-4.507591017E-03
-4.797229078E-03-5.052857101E-03-5.277110729E-03-5.472523626E-03-5.641248543E-03
-5.784906913E-03-5.904502235E-03-6.000384688E-03-6.072226446E-03-6.119006779E-03
-6.138978992E-03-6.129615009E-03-6.087493151E-03-6.008117460E-03-5.885620601E-03
-5.712317303E-03-5.478087347E-03-5.169597454E-03-4.769544583E-03-4.256509244E-03
-3.607019316E-03-2.803609008E-03-1.856009243E-03-8.424378466E-04 1.882583747E-04
 1.236351440E-03 2.302117879E-03 3.385765245E-03 4.487463739E-03 5.607392639E-03
 6.745784543E-03 7.902965881E-03 9.079389274E-03 1.027568523E-02 1.149271056E-02
 1.273162477E-02 1.399397571E-02 1.528183557E-02 1.659796573E-02 1.794605516E-02
 1.933104917E-02 2.075959742E-02 2.224071324E-02 2.378669009E-02 2.541453950E-02
 2.714818157E-02 2.902214602E-02 3.108826652E-02 3.342887387E-02 3.618520871E-02
-1.053212836E-04-1.508644345E-04-2.590925724E-04-4.276465334E-04-6.550888647E-04
-9.411412175E-04-1.286260784E-03-1.691357116E-03-2.141632373E-03-2.607130911E-03
-3.064346267E-03-3.497427329E-03-3.897358663E-03-4.260292277E-03-4.585819785E-03
-4.875547253E-03-5.132056773E-03-5.358212162E-03-5.556727294E-03-5.729909521E-03
-5.879523698E-03-6.006719545E-03-6.112004165E-03-6.195232272E-03-6.255603861E-03
-6.291657686E-03-6.301242858E-03-6.281462964E-03-6.228553597E-03-6.137673743E-03
-6.002562121E-03-5.815016571E-03-5.564158782E-03-5.235503428E-03-4.810032900E-03
-4.263987299E-03-3.571357578E-03-2.713851398E-03-1.707312884E-03-6.522208569E-04
 4.181501281E-04 1.504621003E-03 2.607462695E-03 3.726806259E-03 4.862810485E-03
 6.015729625E-03 7.185965776E-03 8.374102414E-03 9.580958635E-03 1.080765110E-02
 1.205568668E-02 1.332708169E-02 1.462452766E-02 1.595163159E-02 1.731323823E-02
 1.871591248E-02 2.016861364E-02 2.168372087E-02 2.327856049E-02 2.497773059E-02
 2.681668289E-02 2.884719893E-02 3.114556894E-02 3.382401541E-02 3.704388440E-02
-5.431607860E-05-1.291450753E-04-2.549526398E-04-4.349231895E-04-6.715865456E-04
-9.665979305E-04-1.321183518E-03-1.736437553E-03-2.193945926E-03-2.663900377E-03
-3.123349044E-03-3.557144431E-03-3.956940025E-03-4.319444299E-03-4.644677509E-03
-4.934561439E-03-5.191910546E-03-5.419764668E-03-5.620978307E-03-5.797984544E-03
-5.952661857E-03-6.086278241E-03-6.199460942E-03-6.292199716E-03-6.363851950E-03
-6.413149182E-03-6.438196171E-03-6.436445285E-03-6.404630840E-03-6.338628940E-03
-6.233207416E-03-6.081615109E-03-5.874963477E-03-5.601345096E-03-5.244739819E-03
-4.783962388E-03-4.192607012E-03-3.442622488E-03-2.517852001E-03-1.448771567E-03
-3.602798970E-04 7.449234254E-04 1.865577186E-03 3.001141129E-03 4.151472822E-03
 5.316690076E-03 6.497122813E-03 7.693309803E-03 8.906025440E-03 1.013633236E-02
 1.138565037E-02 1.265585795E-02 1.394943148E-02 1.526963059E-02 1.662075706E-02
 1.800850220E-02 1.944045536E-02 2.092681266E-02 2.248143591E-02 2.412346564E-02
 2.587987855E-02 2.778980881E-02 2.991237864E-02 3.234189749E-02 3.523990512E-02
-1.095543921E-04-1.577496732E-04-2.717707830E-04-4.490264400E-04-6.878253189E-04
-9.876103140E-04-1.348506077E-03-1.771008130E-03-2.233706182E-03-2.706825268E-03
-3.167814575E-03-3.602054901E-03-4.001707304E-03-4.363901913E-03-4.688981455E-03
-4.979109857E-03-5.237278994E-03-5.466670264E-03-5.670252722E-03-5.850560963E-03
-6.009571254E-03-6.148646586E-03-6.268513389E-03-6.369265728E-03-6.450373679E-03
-6.510703359E-03-6.548529025E-03-6.561534479E-03-6.546785124E-03-6.500647403E-03
-6.418614183E-03-6.294998806E-03-6.122430321E-03-5.891100038E-03-5.587721709E-03
-5.194273312E-03-4.686951172E-03-4.036717117E-03-3.215308301E-03-2.215525135E-03
-1.099535730E-03 2.818223220E-05 1.167664072E-03 2.318972256E-03 3.482214408E-03
 4.657570273E-03 5.845319480E-03 7.045867387E-03 8.259775117E-03 9.487787262E-03
 1.073087938E-02 1.199030410E-02 1.326765306E-02 1.456491929E-02 1.588458382E-02
 1.722967252E-02 1.860381290E-02 2.001119033E-02 2.145635523E-02 2.294362709E-02
 2.447566949E-02 2.605026029E-02 2.765313163E-02 2.924206480E-02 3.071112931E-02
-5.602413512E-05-1.337173599E-04-2.644106280E-04-4.512542218E-04-6.966723595E-04
-1.002130914E-03-1.368589583E-03-1.796802506E-03-2.263458213E-03-2.738941461E-03
-3.201064421E-03-3.635631409E-03-4.035196267E-03-4.397210665E-03-4.722264595E-03
-5.012705456E-03-5.271667149E-03-5.502441898E-03-5.708093289E-03-5.891242996E-03
-6.053949241E-03-6.197656970E-03-6.323174108E-03-6.430678070E-03-6.519724149E-03
-6.589272060E-03-6.637708284E-03-6.662865169E-03-6.662024651E-03-6.631878205E-03
-6.568417419E-03-6.466708612E-03-6.320495158E-03-6.121562794E-03-5.858806893E-03
-5.516987760E-03-5.075312220E-03-4.506543744E-03-3.778797807E-03-2.865861403E-03
-1.778383041E-03-6.297347718E-04 5.269570975E-04 1.692294492E-03 2.866526833E-03
 4.049796145E-03 5.242238287E-03 6.444023456E-03 7.655379362E-03 8.876592852E-03
 1.010801829E-02 1.135007013E-02 1.260321215E-02 1.386791468E-02 1.514459681E-02
 1.643348113E-02 1.773436926E-02 1.904623397E-02 2.036654018E-02 2.169012651E-02
 2.300736867E-02 2.430133149E-02 2.554348856E-02 2.668801695E-02 2.766612545E-02
-1.119811641E-04-1.617542439E-04-2.791768929E-04-4.614928912E-04-7.068248815E-04
-1.014409470E-03-1.384131610E-03-1.816207077E-03-2.285623923E-03-2.762779128E-03
-3.225711407E-03-3.660523565E-03-4.060054198E-03-4.421990830E-03-4.747109488E-03
-5.037896335E-03-5.297596566E-03-5.529589485E-03-5.737018306E-03-5.922576413E-03
-6.088394206E-03-6.235984620E-03-6.366224494E-03-6.479357835E-03-6.575007457E-03
-6.652197801E-03-6.709389389E-03-6.744508166E-03-6.754969712E-03-6.737675052E-03
-6.688947324E-03-6.604374852E-03-6.478493102E-03-6.304259878E-03-6.072232034E-03
-5.769407377E-03-5.377745721E-03-4.872702993E-03-4.223033320E-03-3.395634471E-03
-2.374840435E-03-1.212980598E-03-4.308840653E-05 1.133720041E-03 2.316883067E-03
 3.506107954E-03 4.701221827E-03 5.902093370E-03 7.108581252E-03 8.320507593E-03
 9.537616745E-03 1.075954363E-02 1.198575180E-02 1.321545616E-02 1.444749441E-02
 1.568015106E-02 1.691088639E-02 1.813596301E-02 1.934990101E-02 2.054474689E-02
 2.170910873E-02 2.282697521E-02 2.387641743E-02 2.482839674E-02 2.564598620E-02
-5.697000961E-05-1.362850744E-04-2.697384334E-04-4.604428832E-04-7.107415586E-04
-1.021970413E-03-1.394918188E-03-1.830132096E-03-2.301686909E-03-2.780111041E-03
-3.243661486E-03-3.678679699E-03-4.078221507E-03-4.440153018E-03-4.765386693E-03
-5.056516267E-03-5.316869821E-03-5.549897905E-03-5.758807529E-03-5.946351215E-03
-6.114718504E-03-6.265479606E-03-6.399570499E-03-6.517287344E-03-6.618303712E-03
-6.701692939E-03-6.765962113E-03-6.809093058E-03-6.828580517E-03-6.821453106E-03
-6.784248631E-03-6.712902803E-03-6.602503359E-03-6.446844433E-03-6.237705238E-03
-5.963786505E-03-5.609274842E-03-5.152168684E-03-4.563110881E-03-3.807148430E-03
-2.855225001E-03-1.720308093E-03-5.348160630E-04 6.537714507E-04 1.845197985E-03
 3.039314412E-03 4.235946108E-03 5.434833933E-03 6.635594182E-03 7.837693207E-03
 9.040413424E-03 1.024280488E-02 1.144363265E-02 1.264129207E-02 1.383370254E-02
 1.501816604E-02 1.619119383E-02 1.734827645E-02 1.848365739E-02 1.959007606E-02
 2.065861970E-02 2.167885937E-02 2.263960801E-02 2.353119664E-02 2.435087785E-02
-1.132543839E-04-1.638899266E-04-2.831532329E-04-4.681910796E-04-7.170162862E-04
-1.028743805E-03-1.403120579E-03-1.840206794E-03-2.313128207E-03-2.792392857E-03
-3.256365424E-03-3.691536840E-03-4.091108683E-03-4.453070927E-03-4.778433591E-03
-5.069866776E-03-5.330761429E-03-5.564621184E-03-5.774702877E-03-5.963806063E-03
-6.134166848E-03-6.287402939E-03-6.424494088E-03-6.545780227E-03-6.650973111E-03
-6.739178672E-03-6.808933802E-03-6.858251989E-03-6.884672679E-03-6.885296665E-03
-6.856791675E-03-6.795318332E-03-6.696333177E-03-6.554207765E-03-6.361582782E-03
-6.108395755E-03-5.780516192E-03-5.358049180E-03-4.813760985E-03-4.113337491E-03
-3.222566098E-03-2.133915201E-03-9.325176361E-04 2.666530781E-04 1.464819070E-03
 2.662475221E-03 3.859670134E-03 5.056138150E-03 6.251350511E-03 7.444532588E-03
 8.634648286E-03 9.820372798E-03 1.100005396E-02 1.217164472E-02 1.333264541E-02
 1.448001154E-02 1.561006717E-02 1.671841182E-02 1.779983565E-02 1.884826273E-02
 1.985672303E-02 2.081734315E-02 2.172122709E-02 2.255772054E-02 2.331162989E-02
-5.743394286E-05-1.375617576E-04-2.723988728E-04-4.650344490E-04-7.177655352E-04
-1.031858381E-03-1.408011885E-03-1.846667845E-03-2.320631174E-03-2.800511196E-03
-3.264791798E-03-3.700083587E-03-4.099694546E-03-4.461699165E-03-4.787174985E-03
-5.078846123E-03-5.340145901E-03-5.574616604E-03-5.785548128E-03-5.975776818E-03
-6.147571839E-03-6.302586757E-03-6.441832054E-03-6.565680262E-03-6.673869677E-03
-6.765527651E-03-6.839209702E-03-6.892946549E-03-6.924296264E-03-6.930400152E-03
-6.907998584E-03-6.853386294E-03-6.762249861E-03-6.629328243E-03-6.447821856E-03
-6.208479404E-03-5.898290314E-03-5.498788320E-03-4.984274041E-03-4.321217071E-03
-3.472856013E-03-2.419546014E-03-1.214829041E-03-1.230552880E-05 1.188318711E-03
 2.387050074E-03 3.583629150E-03 4.777550697E-03 5.968066864E-03 7.154180203E-03
 8.334627375E-03 9.507850744E-03 1.067196857E-02 1.182473823E-02 1.296351571E-02
 1.408522204E-02 1.518631168E-02 1.626276597E-02 1.731011271E-02 1.832350157E-02
 1.929789037E-02 2.022841386E-02 2.111115865E-02 2.194487862E-02 2.273506671E-02
-1.137953150E-04-1.648096077E-04-2.848760341E-04-4.710979119E-04-7.214385550E-04
-1.034958288E-03-1.411343110E-03-1.850584405E-03-2.325015375E-03-2.805196913E-03
-3.269635374E-03-3.704993054E-03-4.104629159E-03-4.466665909E-03-4.792218097E-03
-5.084040575E-03-5.345590878E-03-5.580435973E-03-5.791885778E-03-5.982797127E-03
-6.155461073E-03-6.311551668E-03-6.452101283E-03-6.577499211E-03-6.687499583E-03
-6.781245116E-03-6.857299712E-03-6.913699210E-03-6.948013324E-03-6.957398728E-03
-6.938632578E-03-6.888078526E-03-6.801546086E-03-6.673974916E-03-6.498875096E-03
-6.267445628E-03-5.967296194E-03-5.580756348E-03-5.082993302E-03-4.440977238E-03
-3.616770962E-03-2.584632253E-03-1.381578972E-03-1.794585842E-04 1.021091710E-03
 2.219470683E-03 3.415015526E-03 4.606937990E-03 5.794276018E-03 6.975856610E-03
 8.150264621E-03 9.315811098E-03 1.047050208E-02 1.161201578E-02 1.273768209E-02
 1.384446770E-02 1.492897794E-02 1.598746702E-02 1.701588556E-02 1.800991967E-02
 1.896505058E-02 1.987651922E-02 2.073902264E-02 2.154555544E-02 2.228395082E-02
-5.757390318E-05-1.379502210E-04-2.732108405E-04-4.664369917E-04-7.199111278E-04
-1.034877379E-03-1.412007026E-03-1.851709792E-03-2.326406073E-03-2.806732198E-03
-3.271241672E-03-3.706627991E-03-4.106276203E-03-4.468325526E-03-4.793904722E-03
-5.085779354E-03-5.347417202E-03-5.582389887E-03-5.794017110E-03-5.985162221E-03
-6.158124655E-03-6.314582657E-03-6.455578841E-03-6.581507158E-03-6.692128256E-03
-6.786587648E-03-6.863453425E-03-6.920763291E-03-6.956088357E-03-6.966591347E-03
-6.949057803E-03-6.899875123E-03-6.814891007E-03-6.689109839E-03-6.516141817E-03
-6.287331227E-03-5.990490783E-03-5.608206615E-03-5.115927663E-03-4.480799194E-03
-3.664539894E-03-2.639541635E-03-1.437640050E-03-2.360749641E-04 9.641752113E-04
 2.162266290E-03 3.357365727E-03 4.548564553E-03 5.734812468E-03 6.914868485E-03
 8.087263443E-03 9.250260890E-03 1.040183753E-02 1.153965015E-02 1.266103145E-02
 1.376297511E-02 1.484215632E-02 1.589495689E-02 1.691753045E-02 1.790591888E-02
 1.885622554E-02 1.976495981E-02 2.062971331E-02 2.145072259E-02 2.223476022E-02
-1.138011066E-04-1.648193138E-04-2.848940785E-04-4.711282090E-04-7.214845973E-04
-1.035022899E-03-1.411428326E-03-1.850691857E-03-2.325137611E-03-2.805327298E-03
-3.269769251E-03-3.705126699E-03-4.104761872E-03-4.466797225E-03-4.792349413E-03
-5.084173754E-03-5.345729180E-03-5.580581725E-03-5.792043637E-03-5.982970819E-03
-6.155656185E-03-6.311773323E-03-6.452355068E-03-6.577792112E-03-6.687838119E-03
-6.781635806E-03-6.857749075E-03-6.914215162E-03-6.948601454E-03-6.958066486E-03
-6.939386018E-03-6.888927426E-03-6.802501157E-03-6.675052457E-03-6.500098389E-03
-6.268847734E-03-5.968926009E-03-5.582680460E-03-5.085296929E-03-4.443756770E-03
-3.620091127E-03-2.588412492E-03-1.385350246E-03-1.831594855E-04 1.017498085E-03
 2.216004301E-03 3.411685815E-03 4.603747278E-03 5.791222211E-03 6.972937379E-03
 8.147474378E-03 9.313143790E-03 1.046795398E-02 1.160957944E-02 1.273535378E-02
 1.384224091E-02 1.492684707E-02 1.598542929E-02 1.701393351E-02 1.800805144E-02
 1.896326058E-02 1.987480558E-02 2.073737793E-02 2.154398151E-02 2.228243649E-02
-5.744033115E-05-1.375792635E-04-2.724352235E-04-4.650970222E-04-7.178611122E-04
-1.031992608E-03-1.408189302E-03-1.846891595E-03-2.320885658E-03-2.800782677E-03
-3.265069798E-03-3.700361820E-03-4.099970218E-03-4.461972043E-03-4.787447397E-03
-5.079122260E-03-5.340430886E-03-5.574916955E-03-5.785872694E-03-5.976133514E-03
-6.147970911E-03-6.303038914E-03-6.442349870E-03-6.566275842E-03-6.674555596E-03
-6.766318344E-03-6.840120070E-03-6.893988233E-03-6.925484166E-03-6.931748241E-03
-6.909523159E-03-6.855105050E-03-6.764187943E-03-6.631520577E-03-6.450319197E-03
-6.211355329E-03-5.901650060E-03-5.502777174E-03-4.989079665E-03-4.327045754E-03
-3.479840234E-03-2.427472500E-03-1.222601742E-03-1.983917173E-05 1.181065571E-03
 2.380093094E-03 3.576970892E-03 4.771185108E-03 5.961984862E-03 7.148370147E-03
 8.329076692E-03 9.502547793E-03 1.066690218E-02 1.181989443E-02 1.295888424E-02
 1.408079267E-02 1.518207509E-02 1.625871286E-02 1.730623282E-02 1.831978559E-02
 1.929433085E-02 2.022500522E-02 2.110789344E-02 2.194175124E-02 2.273208089E-02
-1.132738398E-04-1.639223192E-04-2.832132159E-04-4.682918661E-04-7.171693142E-04
-1.028958592E-03-1.403404633E-03-1.840564888E-03-2.313535893E-03-2.792828018E-03
-3.256811062E-03-3.691982245E-03-4.091549199E-03-4.453506321E-03-4.778866656E-03
-5.070304964E-03-5.331212655E-03-5.565095693E-03-5.775212310E-03-5.964363925E-03
-6.134788506E-03-6.288104225E-03-6.425294094E-03-6.546697579E-03-6.652027834E-03
-6.740391720E-03-6.810326129E-03-6.859845947E-03-6.886488292E-03-6.887358148E-03
-6.859124172E-03-6.797953509E-03-6.699313875E-03-6.557592656E-03-6.365458481E-03
-6.112887058E-03-5.785800517E-03-5.364370067E-03-4.821431357E-03-4.122697748E-03
-3.233805764E-03-2.146584215E-03-9.445986361E-04 2.551525831E-04 1.453870093E-03
 2.652045339E-03 3.849728964E-03 5.046657287E-03 6.242304575E-03 7.435898297E-03
 8.626403287E-03 9.812497534E-03 1.099252794E-02 1.216445118E-02 1.332576759E-02
 1.447343268E-02 1.560377330E-02 1.671238802E-02 1.779407077E-02 1.884274185E-02
 1.985143125E-02 2.081227303E-02 2.171636745E-02 2.255305648E-02 2.330714278E-02
-5.698500900E-05-1.363257907E-04-2.698227472E-04-4.605880531E-04-7.109633298E-04
-1.022282522E-03-1.395331230E-03-1.830653637E-03-2.302281093E-03-2.780745039E-03
-3.244310617E-03-3.679328132E-03-4.078861792E-03-4.440784920E-03-4.766014405E-03
-5.057149101E-03-5.317518488E-03-5.550576840E-03-5.759532563E-03-5.947140977E-03
-6.115593016E-03-6.266462617E-03-6.400685292E-03-6.518560462E-03-6.619762164E-03
-6.703365594E-03-6.767877843E-03-6.811281666E-03-6.831073668E-03-6.824284792E-03
-6.787457503E-03-6.716538221E-03-6.606630050E-03-6.451554596E-03-6.243129726E-03
-5.970112979E-03-5.616767332E-03-5.161185283E-03-4.574095830E-03-3.820547834E-03
-2.871184144E-03-1.737933606E-03-5.511233467E-04 6.384635344E-04 1.830721158E-03
 3.025569255E-03 4.222866613E-03 5.422370043E-03 6.623706780E-03 7.826348767E-03
 9.029579349E-03 1.023245510E-02 1.143374108E-02 1.263183542E-02 1.382465847E-02
 1.500951499E-02 1.618291251E-02 1.734035090E-02 1.847606711E-02 1.958280429E-02
 2.065165527E-02 2.167218551E-02 2.263321355E-02 2.352507226E-02 2.434502728E-02
-1.120209199E-04-1.618196693E-04-2.792976156E-04-4.616955703E-04-7.071330328E-04
-1.014842885E-03-1.384706120E-03-1.816933742E-03-2.286452800E-03-2.763664117E-03
-3.226617817E-03-3.661428345E-03-4.060946405E-03-4.422869999E-03-4.747980274E-03
-5.038770847E-03-5.298488308E-03-5.530518014E-03-5.738004576E-03-5.923643708E-03
-6.089568604E-03-6.237295922E-03-6.367703900E-03-6.481038872E-03-6.576924119E-03
-6.654388737E-03-6.711892784E-03-6.747364532E-03-6.758222356E-03-6.741372403E-03
-6.693146657E-03-6.609147415E-03-6.483936217E-03-6.310507655E-03-6.079473533E-03
-5.777907092E-03-5.387865473E-03-4.884907510E-03-4.237838089E-03-3.413374536E-03
-2.395013114E-03-1.232895302E-03-6.230911094E-05 1.115322229E-03 2.299322048E-03
 3.489357419E-03 4.685243592E-03 5.886845756E-03 7.094025612E-03 8.306606673E-03
 9.524336085E-03 1.074685063E-02 1.197361760E-02 1.320385095E-02 1.443639211E-02
 1.566952467E-02 1.690071635E-02 1.812622324E-02 1.934057102E-02 2.053580806E-02
 2.170054242E-02 2.281876095E-02 2.386853658E-02 2.482083067E-02 2.563870326E-02
-5.605250044E-05-1.337935100E-04-2.645679633E-04-4.515252949E-04-6.970875547E-04
-1.002717065E-03-1.369368518E-03-1.797790173E-03-2.264587209E-03-2.740148222E-03
-3.202300519E-03-3.636865644E-03-4.036413040E-03-4.398407415E-03-4.723447375E-03
-5.013888236E-03-5.272869021E-03-5.503685214E-03-5.709405523E-03-5.892653484E-03
-6.055491511E-03-6.199366413E-03-6.325091235E-03-6.432842929E-03-6.522182375E-03
-6.592071615E-03-6.640898529E-03-6.666501053E-03-6.666165311E-03-6.636591628E-03
-6.573786959E-03-6.472840440E-03-6.327528972E-03-6.129691377E-03-5.868295208E-03
-5.528196692E-03-5.088721402E-03-4.522736184E-03-3.798349295E-03-2.888950054E-03
-1.803837833E-03-6.535486900E-04 5.044019199E-04 1.670825644E-03 2.846051706E-03
 4.030252807E-03 5.223575514E-03 6.426197942E-03 7.638347801E-03 8.860317059E-03
 1.009245962E-02 1.133519318E-02 1.258898061E-02 1.385429967E-02 1.513156667E-02
 1.642100513E-02 1.772242226E-02 1.903478801E-02 2.035557292E-02 2.167961560E-02
 2.299729176E-02 2.429166995E-02 2.553422190E-02 2.667913772E-02 2.765763365E-02
-1.096262204E-04-1.578665251E-04-2.719856275E-04-4.493878223E-04-6.883767201E-04
-9.883898310E-04-1.349545200E-03-1.772330608E-03-2.235221444E-03-2.708448563E-03
-3.169480013E-03-3.603718942E-03-4.003347363E-03-4.365513101E-03-4.690571688E-03
-4.980694968E-03-5.238882266E-03-5.468320567E-03-5.671983585E-03-5.852408707E-03
-6.011577323E-03-6.150854286E-03-6.270972081E-03-6.372026168E-03-6.453493610E-03
-6.514242850E-03-6.552553736E-03-6.566116121E-03-6.552007515E-03-6.506608333E-03
-6.425433327E-03-6.302830763E-03-6.131479051E-03-5.901638884E-03-5.600112956E-03
-5.208986811E-03-4.704549443E-03-4.057759885E-03-3.240028396E-03-2.243051073E-03
-1.126540359E-03 2.050775947E-06 1.142532565E-03 2.294874517E-03 3.459142987E-03
 4.635499325E-03 5.824213382E-03 7.025687024E-03 8.240479045E-03 9.469334036E-03
 1.071322989E-02 1.197341830E-02 1.325149275E-02 1.454945188E-02 1.586977392E-02
 1.721548848E-02 1.859022118E-02 1.999816298E-02 2.144386619E-02 2.293165028E-02
 2.446418069E-02 2.603923716E-02 2.764254808E-02 2.923189290E-02 3.070133179E-02
-5.436514766E-05-1.292754896E-04-2.552219958E-04-4.353889090E-04-6.723038387E-04
-9.676176123E-04-1.322549884E-03-1.738185761E-03-2.195957582E-03-2.666062210E-03
-3.125572810E-03-3.559370060E-03-3.959136549E-03-4.321602639E-03-4.646805115E-03
-4.936677869E-03-5.194043275E-03-5.421949085E-03-5.623256788E-03-5.800400395E-03
-5.955266766E-03-6.089124829E-03-6.202609744E-03-6.295715459E-03-6.367805880E-03
-6.417618133E-03-6.443267222E-03-6.442217156E-03-6.411219016E-03-6.346174516E-03
-6.241886411E-03-6.091655232E-03-5.886663683E-03-5.615096539E-03-5.261045415E-03
-4.803428426E-03-4.215846770E-03-3.469948890E-03-2.548485296E-03-1.479293220E-03
-3.901036107E-04 7.160791429E-04 1.837832038E-03 2.974531380E-03 4.125991371E-03
 5.292308051E-03 6.473800167E-03 7.671002299E-03 8.884688839E-03 1.011592057E-02
 1.136611775E-02 1.263716072E-02 1.393153053E-02 1.525248680E-02 1.660433225E-02
 1.799276285E-02 1.942536607E-02 2.091234364E-02 2.246755734E-02 2.411014959E-02
 2.586709894E-02 2.777754329E-02 2.990060672E-02 3.233060241E-02 3.522909060E-02
-1.054409440E-04-1.510574075E-04-2.594471443E-04-4.282456357E-04-6.560095353E-04
-9.424546151E-04-1.288030762E-03-1.693638158E-03-2.144272672E-03-2.609983785E-03
-3.067293437E-03-3.500388237E-03-3.900288371E-03-4.263174720E-03-4.588662181E-03
-4.878371488E-03-5.134896841E-03-5.361111369E-03-5.559734069E-03-5.733079743E-03
-5.882918369E-03-6.010405254E-03-6.116055418E-03-6.199729163E-03-6.260637194E-03
-6.297327578E-03-6.307665259E-03-6.288772449E-03-6.236913614E-03-6.147286389E-03
-6.013684906E-03-5.827982444E-03-5.579402205E-03-5.253584590E-03-4.831642844E-03
-4.289897624E-03-3.602203680E-03-2.749541774E-03-1.745804795E-03-6.879224675E-04
 3.845183237E-04 1.472704462E-03 2.577067353E-03 3.697809763E-03 4.835121799E-03
 5.989274941E-03 7.160678040E-03 8.349921554E-03 9.557826445E-03 1.078551542E-02
 1.203449816E-02 1.330679003E-02 1.460509002E-02 1.593300514E-02 1.729538292E-02
 1.869879104E-02 2.015219070E-02 2.166796103E-02 2.326343395E-02 2.496320941E-02
 2.680273540E-02 2.883379906E-02 3.113269061E-02 3.381162509E-02 3.703193367E-02
-5.154523387E-05-1.218083707E-04-2.397809003E-04-4.086242116E-04-6.309326272E-04
-9.085352649E-04-1.242936705E-03-1.635627355E-03-2.076729434E-03-2.536338987E-03
-2.990406239E-03-3.422286361E-03-3.822165774E-03-4.185513593E-03-4.511390347E-03
-4.801005125E-03-5.056650378E-03-5.280971527E-03-5.476512015E-03-5.645432044E-03
-5.789360497E-03-5.909309722E-03-6.005637348E-03-6.078027654E-03-6.125471089E-03
-6.146238651E-03-6.137824617E-03-6.096838973E-03-6.018827204E-03-5.897981580E-03
-5.726696458E-03-5.494956393E-03-5.189555231E-03-4.793322179E-03-4.284915049E-03
-3.640724579E-03-2.842584392E-03-1.898333197E-03-8.825313998E-04 1.503422682E-04
 1.200432540E-03 2.268012380E-03 3.353315871E-03 4.456541035E-03 5.577888805E-03
 6.717607845E-03 7.876035757E-03 9.053634480E-03 1.025104057E-02 1.146911830E-02
 1.270902902E-02 1.397232432E-02 1.526108105E-02 1.657806337E-02 1.792696305E-02
 1.931273006E-02 2.074201219E-02 2.222382650E-02 2.377047203E-02 2.539895661E-02
 2.713320591E-02 2.900775336E-02 3.107443266E-02 3.341558576E-02 3.617246449E-02
-9.871119983E-05-1.402215130E-04-2.395203483E-04-3.945027420E-04-6.039738655E-04
-8.678794838E-04-1.186912181E-03-1.562248217E-03-1.990097342E-03-2.440818585E-03
-2.889784519E-03-3.319364507E-03-3.718691878E-03-4.082307220E-03-4.408531357E-03
-4.698019475E-03-4.952653777E-03-5.174778402E-03-5.366696976E-03-5.530373659E-03
-5.667251069E-03-5.778152030E-03-5.863224622E-03-5.921902601E-03-5.952863023E-03
-5.953968037E-03-5.922160577E-03-5.853297189E-03-5.741892848E-03-5.580732599E-03
-5.360353272E-03-5.068395752E-03-4.689020105E-03-4.202868789E-03-3.588953521E-03
-2.831500722E-03-1.937416848E-03-9.701644885E-04 1.673713086E-05 1.023151097E-03
 2.049016068E-03 3.094326938E-03 4.159102682E-03 5.243375432E-03 6.347194780E-03
 7.470637094E-03 8.613819256E-03 9.776916355E-03 1.096018124E-02 1.216396503E-02
 1.338874549E-02 1.463515591E-02 1.590403542E-02 1.719645411E-02 1.851378009E-02
 1.985770091E-02 2.123022452E-02 2.263358794E-02 2.406995557E-02 2.554067783E-02
 2.704462036E-02 2.857448906E-02 3.010890074E-02 3.159507364E-02 3.291039541E-02
-4.723431994E-05-1.104808180E-04-2.163301979E-04-3.677850764E-04-5.673631676E-04
-8.169169887E-04-1.118031912E-03-1.472275238E-03-1.881257282E-03-2.318604384E-03
-2.759248717E-03-3.184429137E-03-3.581957659E-03-3.945155535E-03-4.271347076E-03
-4.560422152E-03-4.813697655E-03-5.033093970E-03-5.220589694E-03-5.377874244E-03
-5.506136920E-03-5.605939310E-03-5.677133333E-03-5.718793254E-03-5.729140714E-03
-5.705436692E-03-5.643824115E-03-5.539087579E-03-5.384315271E-03-5.170451477E-03
-4.885787144E-03-4.515563138E-03-4.042211920E-03-3.447507042E-03-2.719350159E-03
-1.867822488E-03-9.538686718E-04-1.786323264E-05 9.400245617E-04 1.919599716E-03
 2.920677653E-03 3.943092190E-03 4.986690823E-03 6.051328033E-03 7.136860397E-03
 8.243137039E-03 9.369997308E-03 1.051726006E-02 1.168471389E-02 1.287210267E-02
 1.407910138E-02 1.530529000E-02 1.655010693E-02 1.781277917E-02 1.909223013E-02
 2.038690634E-02 2.169454470E-02 2.301173471E-02 2.433327958E-02 2.565112524E-02
 2.695270069E-02 2.821836807E-02 2.941786125E-02 3.050604276E-02 3.142045811E-02
-8.888975572E-05-1.245245658E-04-2.106666943E-04-3.454653488E-04-5.279310863E-04
-7.581687532E-04-1.037061797E-03-1.366108772E-03-1.747451257E-03-2.164446982E-03
-2.591535915E-03-3.008629195E-03-3.401899012E-03-3.763087559E-03-4.088180605E-03
-4.376017954E-03-4.627120215E-03-4.842808470E-03-5.024590995E-03-5.173767451E-03
-5.291162524E-03-5.376962014E-03-5.430589430E-03-5.450599827E-03-5.434553605E-03
-5.378856789E-03-5.278537981E-03-5.126945209E-03-4.915380385E-03-4.632726777E-03
-4.265283700E-03-3.797363723E-03-3.213881981E-03-2.507374156E-03-1.693447819E-03
-8.383836830E-04 4.199540854E-05 9.470594814E-04 1.876335358E-03 2.829434583E-03
 3.806018503E-03 4.805777688E-03 5.828415509E-03 6.873634644E-03 7.941119373E-03
 9.030515328E-03 1.014141366E-02 1.127331331E-02 1.242559683E-02 1.359747630E-02
 1.478793379E-02 1.599565335E-02 1.721891575E-02 1.845547371E-02 1.970238052E-02
 2.095578611E-02 2.221062966E-02 2.346028760E-02 2.469608188E-02 2.590667270E-02
 2.707732841E-02 2.818913199E-02 2.921826579E-02 3.013572842E-02 3.090780042E-02
-4.127942520E-05-9.491454693E-05-1.840409532E-04-3.112947161E-04-4.788923252E-04
-6.884914474E-04-9.415798704E-04-1.239764271E-03-1.584949903E-03-1.972951693E-03
-2.378957113E-03-2.781989984E-03-3.166537033E-03-3.522468731E-03-3.844059771E-03
-4.128732253E-03-4.375893157E-03-4.586000461E-03-4.759878851E-03-4.898247309E-03
-5.001394078E-03-5.068951286E-03-5.099720787E-03-5.091512110E-03-5.040966906E-03
-4.943347070E-03-4.792274442E-03-4.579463042E-03-4.294523504E-03-3.925118130E-03
-3.458079649E-03-2.882688772E-03-2.198479837E-03-1.428740332E-03-6.344700814E-04
 1.875870512E-04 1.036843518E-03 1.912762993E-03 2.814861014E-03 3.742696717E-03
 4.695860669E-03 5.673965905E-03 6.676631980E-03 7.703469135E-03 8.754057810E-03
 9.827926755E-03 1.092451345E-02 1.204313431E-02 1.318292320E-02 1.434276998E-02
 1.552124042E-02 1.671647280E-02 1.792604476E-02 1.914682984E-02 2.037479542E-02
 2.160479687E-02 2.283033542E-02 2.404328808E-02 2.523367293E-02 2.638946846E-02
 2.749660984E-02 2.853932790E-02 2.950115688E-02 3.036715835E-02 3.112852387E-02
-7.604914572E-05-1.040783245E-04-1.730059594E-04-2.811116865E-04-4.273699888E-04
-6.116419681E-04-8.343906375E-04-1.096512540E-03-1.399296103E-03-1.744479756E-03
-2.117259428E-03-2.496103290E-03-2.863825066E-03-3.208161099E-03-3.521254985E-03
-3.798654070E-03-4.038218874E-03-4.239165224E-03-4.401307087E-03-4.524498247E-03
-4.608224612E-03-4.651307594E-03-4.651666619E-03-4.606110975E-03-4.510134459E-03
-4.357714672E-03-4.141159821E-03-3.851182759E-03-3.477491206E-03-3.010520479E-03
-2.445841208E-03-1.791732153E-03-1.088125398E-03-3.547709202E-04 4.078076454E-04
 1.199525315E-03 2.020048210E-03 2.868945943E-03 3.745765192E-03 4.650059622E-03
 5.581401754E-03 6.539382041E-03 7.523600012E-03 8.533652872E-03 9.569114074E-03
 1.062950678E-02 1.171427127E-02 1.282271650E-02 1.395397075E-02 1.510689501E-02
 1.628000475E-02 1.747134328E-02 1.867833920E-02 1.989763975E-02 2.112489752E-02
 2.235453948E-02 2.357951552E-02 2.479104325E-02 2.597840130E-02 2.712881193E-02
 2.822750434E-02 2.925802767E-02 3.020284139E-02 3.104393370E-02 3.176254034E-02
-3.398608533E-05-7.588658627E-05-1.444500231E-04-2.416704665E-04-3.690881131E-04
-5.276498850E-04-7.180071552E-04-9.407192701E-04-1.196358120E-03-1.485552290E-03
-1.808978501E-03-2.148412634E-03-2.485896228E-03-2.807282144E-03-3.102383344E-03
-3.364445874E-03-3.589291591E-03-3.774412209E-03-3.918169532E-03-4.019154701E-03
-4.075701348E-03-4.085508641E-03-4.045368172E-03-3.950978629E-03-3.796851961E-03
-3.576338757E-03-3.281962126E-03-2.906659618E-03-2.446632599E-03-1.905044657E-03
-1.305222861E-03-6.734388298E-04-6.903856956E-06 6.928882794E-04 1.424854971E-03
 2.188191749E-03 2.982225269E-03 3.806359367E-03 4.660056438E-03 5.542831030E-03
 6.454245653E-03 7.393903565E-03 8.361442015E-03 9.356520139E-03 1.037880406E-02
 1.142793987E-02 1.250353362E-02 1.360510103E-02 1.473201998E-02 1.588346623E-02
 1.705831289E-02 1.825502329E-02 1.947149821E-02 2.070488594E-02 2.195134014E-02
 2.320574783E-02 2.446136996E-02 2.570947632E-02 2.693893574E-02 2.813588642E-02
 2.928357199E-02 3.036259674E-02 3.135199100E-02 3.223173693E-02 3.298787400E-02
-6.135666627E-05-8.072665514E-05-1.299439755E-04-2.073133364E-04-3.115783911E-04
-4.420430632E-04-5.982959410E-04-7.800126332E-04-9.868365014E-04-1.218296820E-03
-1.473742188E-03-1.752294716E-03-2.039039740E-03-2.318952233E-03-2.579692984E-03
-2.812015591E-03-3.009354929E-03-3.167047398E-03-3.281552345E-03-3.349804319E-03
-3.368692705E-03-3.334643319E-03-3.243395360E-03-3.090135986E-03-2.870023716E-03
-2.579051768E-03-2.214877401E-03-1.780271414E-03-1.295160619E-03-7.723123417E-04
-2.094031224E-04 3.910697415E-04 1.027760794E-03 1.699424116E-03 2.404974075E-03
 3.143487265E-03 3.914175089E-03 4.716360476E-03 5.549463443E-03 6.412987132E-03
 7.306515705E-03 8.229705505E-03 9.182280861E-03 1.016403176E-02 1.117479894E-02
 1.221447065E-02 1.328295935E-02 1.438018121E-02 1.550602354E-02 1.666028984E-02
 1.784264296E-02 1.905249804E-02 2.028890513E-02 2.155035548E-02 2.283453755E-02
 2.413800173E-02 2.545566857E-02 2.678023465E-02 2.810131386E-02 2.940442413E-02
 3.066973016E-02 3.187078238E-02 3.297362104E-02 3.393707424E-02 3.471568599E-02
-2.622661304E-05-5.566874825E-05-1.023864679E-04-1.676649263E-04-2.522876603E-04
-3.563956707E-04-4.796866560E-04-6.215252215E-04-7.809560047E-04-9.566443041E-04
-1.146747731E-03-1.348696649E-03-1.558810938E-03-1.772484044E-03-1.975217136E-03
-2.155784750E-03-2.305800095E-03-2.418662654E-03-2.488842700E-03-2.511672443E-03
-2.483018674E-03-2.398829674E-03-2.254790626E-03-2.047622576E-03-1.777701662E-03
-1.453996054E-03-1.088195830E-03-6.762635894E-04-2.198827860E-04 2.781370422E-04
 8.161457954E-04 1.392552746E-03 2.005990595E-03 2.655260265E-03 3.339313669E-03
 4.057239275E-03 4.808248486E-03 5.591667723E-03 6.406930741E-03 7.253572345E-03
 8.131229319E-03 9.039643221E-03 9.978658520E-03 1.094823051E-02 1.194843184E-02
 1.297945343E-02 1.404161379E-02 1.513535995E-02 1.626125909E-02 1.742000319E-02
 1.861238293E-02 1.983924583E-02 2.110144682E-02 2.239973098E-02 2.373456024E-02
 2.510582842E-02 2.651239559E-02 2.795134857E-02 2.941681258E-02 3.089809045E-02
 3.237676620E-02 3.382238373E-02 3.518645093E-02 3.639534488E-02 3.734593093E-02
-4.677575998E-05-5.758390034E-05-8.734906442E-05-1.344670454E-04-1.975570776E-04
-2.755319292E-04-3.673580359E-04-4.718711134E-04-5.876434734E-04-7.128663128E-04
-8.452199399E-04-9.817139944E-04-1.118486980E-03-1.250572968E-03-1.371468999E-03
-1.474679797E-03-1.554542687E-03-1.604580320E-03-1.617412316E-03-1.587972394E-03
-1.514053205E-03-1.395584783E-03-1.229455229E-03-1.013991423E-03-7.493069861E-04
-4.374268465E-04-8.094309305E-05 3.189218987E-04 7.608474698E-04 1.243391540E-03
 1.765219844E-03 2.325089648E-03 2.921865555E-03 3.554517403E-03 4.222120624E-03
 4.923852161E-03 5.658991635E-03 6.426920183E-03 7.227119990E-03 8.059180342E-03
 8.922804147E-03 9.817817248E-03 1.074418239E-02 1.170201693E-02 1.269161329E-02
 1.371346228E-02 1.476829033E-02 1.585708559E-02 1.698114537E-02 1.814212091E-02
 1.934206858E-02 2.058351971E-02 2.186952345E-02 2.320373431E-02 2.459044196E-02
 2.603458799E-02 2.754169516E-02 2.911759168E-02 3.076775558E-02 3.249586374E-02
 3.430071473E-02 3.616978601E-02 3.806572780E-02 3.989759460E-02 4.145812243E-02
-1.900861207E-05-3.688035576E-05-6.341959670E-05-9.937476716E-05-1.450187265E-04
-2.000332897E-04-2.636554418E-04-3.347585734E-04-4.118665529E-04-4.931263393E-04
-5.762575893E-04-6.584920920E-04-7.365203346E-04-8.064704016E-04-8.639696171E-04
-9.044259205E-04-9.232453885E-04-9.158383473E-04-8.778250776E-04-8.055500221E-04
-6.962876651E-04-5.480585969E-04-3.591367858E-04-1.283789315E-04 1.446203241E-04
 4.595728242E-04 8.157903794E-04 1.212516450E-03 1.648916164E-03 2.124094870E-03
 2.637142083E-03 3.187160240E-03 3.773283679E-03 4.394693766E-03 5.050627515E-03
 5.740387365E-03 6.463345140E-03 7.218952291E-03 8.006746881E-03 8.826364763E-03
 9.677552618E-03 1.056019031E-02 1.147430856E-02 1.242012344E-02 1.339806709E-02
 1.440883707E-02 1.545344945E-02 1.653330214E-02 1.765026152E-02 1.880676113E-02
 2.000593394E-02 2.125176601E-02 2.254931629E-02 2.390498109E-02 2.532687411E-02
 2.682530880E-02 2.841348946E-02 3.010846488E-02 3.193249181E-02 3.391508386E-02
 3.609615192E-02 3.853124008E-02 4.130100086E-02 4.453001916E-02 4.842787236E-02
-3.394178202E-05-3.723893315E-05-5.004511695E-05-7.098432252E-05-9.878705896E-05
-1.323409087E-04-1.705161267E-04-2.120398276E-04-2.554188250E-04-2.988897613E-04
-3.403838200E-04-3.775049991E-04-4.075245524E-04-4.274043604E-04-4.338558938E-04
-4.234465887E-04-3.927111975E-04-3.382588038E-04-2.568995405E-04-1.457957842E-04
-2.547498525E-06 1.748001960E-04 3.878015850E-04 6.375841331E-04 9.248425486E-04
 1.249871799E-03 1.612658496E-03 2.012975514E-03 2.450444503E-03 2.924578497E-03
 3.434819635E-03 3.980567679E-03 4.561204929E-03 5.176112987E-03 5.824687891E-03
 6.506351288E-03 7.220563944E-03 7.966834120E-03 8.744731545E-03 9.553902782E-03
 1.039408986E-02 1.126515120E-02 1.216709800E-02 1.310012303E-02 1.406465657E-02
 1.506141573E-02 1.609148085E-02 1.715637930E-02 1.825819537E-02 1.939970441E-02
 2.058454044E-02 2.181742154E-02 2.310442552E-02 2.445340902E-02 2.587452717E-02
 2.738102712E-02 2.899035998E-02 3.072584420E-02 3.261916712E-02 3.471419215E-02
 3.707280755E-02 3.978385031E-02 4.297645018E-02 4.683868960E-02 5.163944885E-02
-1.293897913E-05-2.109230081E-05-3.080884198E-05-4.251617429E-05-5.625096674E-05
-7.157860091E-05-8.770990098E-05-1.035754103E-04-1.178572347E-04-1.289986249E-04
-1.352070249E-04-1.344587508E-04-1.245133899E-04-1.029409032E-04-6.716693315E-05
-1.453224468E-05 5.763581430E-05 1.519507932E-04 2.708885586E-04 4.167177540E-04
 5.914439680E-04 7.967836573E-04 1.034150366E-03 1.304652658E-03 1.609096653E-03
 1.948010409E-03 2.321677981E-03 2.730183303E-03 3.173450474E-03 3.651276231E-03
 4.163362086E-03 4.709337838E-03 5.288782995E-03 5.901243538E-03 6.546246354E-03
 7.223309483E-03 7.931955159E-03 8.671716787E-03 9.442157112E-03 1.024287660E-02
 1.107353531E-02 1.193388179E-02 1.282377448E-02 1.374323666E-02 1.469249185E-02
 1.567203924E-02 1.668272540E-02 1.772583276E-02 1.880319975E-02 1.991734281E-02
 2.107163332E-02 2.227047831E-02 2.351959981E-02 2.482634224E-02 2.620013803E-02
 2.765311301E-02 2.920095809E-02 3.086419404E-02 3.267007321E-02 3.465550020E-02
 3.687169775E-02 3.939209133E-02 4.232630134E-02 4.584668949E-02 5.024235323E-02
-2.349553142E-05-2.071818381E-05-1.988232907E-05-1.990503370E-05-1.975524174E-05
-1.849432192E-05-1.515794520E-05-8.676625839E-06 2.164797024E-06 1.874472946E-05
 4.260869900E-05 7.546371489E-05 1.191635456E-04 1.756851707E-04 2.470960608E-04
 3.355137305E-04 4.430595145E-04 5.718098255E-04 7.237478276E-04 9.007186745E-04
 1.104393625E-03 1.336244168E-03 1.597526600E-03 1.889274688E-03 2.212302294E-03
 2.567213029E-03 2.954420168E-03 3.374166787E-03 3.826550208E-03 4.311546683E-03
 4.829030950E-03 5.378795322E-03 5.960564595E-03 6.574010011E-03 7.218755782E-03
 7.894386537E-03 8.600459434E-03 9.336498566E-03 1.010201219E-02 1.089649647E-02
 1.171945408E-02 1.257040631E-02 1.344893221E-02 1.435470209E-02 1.528752316E-02
 1.624741033E-02 1.723465323E-02 1.824990846E-02 1.929430105E-02 2.036952972E-02
 2.147799358E-02 2.262290940E-02 2.380844951E-02 2.503988519E-02 2.632372454E-02
 2.766784094E-02 2.908159979E-02 3.057587519E-02 3.216286004E-02 3.385541588E-02
 3.566529602E-02 3.759906814E-02 3.964883462E-02 4.177156836E-02 4.384277388E-02
-8.124021406E-06-8.593682651E-06-5.098008842E-06 2.119669944E-06 1.311325104E-05
 2.828673860E-05 4.830475154E-05 7.403142081E-05 1.064980970E-04 1.468855480E-04
 1.965111151E-04 2.568152850E-04 3.293453483E-04 4.157346848E-04 5.176774575E-04
 6.368990871E-04 7.751241792E-04 9.340422694E-04 1.115275663E-03 1.320347772E-03
 1.550657558E-03 1.807459164E-03 2.091847826E-03 2.404752187E-03 2.746933606E-03
 3.118990920E-03 3.521371167E-03 3.954380751E-03 4.418203607E-03 4.912916571E-03
 5.438501015E-03 5.994860549E-03 6.581825670E-03 7.199162617E-03 7.846574299E-03
 8.523698896E-03 9.230109863E-03 9.965305217E-03 1.072871033E-02 1.151966862E-02
 1.233745180E-02 1.318126731E-02 1.405027136E-02 1.494360901E-02 1.586045325E-02
 1.680007204E-02 1.776189543E-02 1.874560118E-02 1.975122467E-02 2.077923529E-02
 2.183062583E-02 2.290697582E-02 2.401044592E-02 2.514375560E-02 2.631003782E-02
 2.751258016E-02 2.875439636E-02 3.003746830E-02 3.136150911E-02 3.272189945E-02
 3.410627693E-02 3.548885509E-02 3.682112321E-02 3.801697120E-02 3.892989084E-02
-1.528648500E-05-7.831992662E-06 3.502336313E-06 1.952106504E-05 4.100790829E-05
 6.869445497E-05 1.033381923E-04 1.457724866E-04 1.969290024E-04 2.578436106E-04
 3.296534705E-04 4.135884228E-04 5.109577905E-04 6.231338484E-04 7.515319157E-04
 8.975881501E-04 1.062734984E-03 1.248376328E-03 1.455863472E-03 1.686471282E-03
 1.941377996E-03 2.221649978E-03 2.528227866E-03 2.861921443E-03 3.223405918E-03
 3.613225650E-03 4.031801596E-03 4.479441326E-03 4.956352059E-03 5.462653935E-03
 5.998393055E-03 6.563548464E-03 7.158038206E-03 7.781718858E-03 8.434378542E-03
 9.115724824E-03 9.825364687E-03 1.056278776E-02 1.132734399E-02 1.211821754E-02
 1.293441188E-02 1.377474610E-02 1.463784277E-02 1.552216057E-02 1.642601937E-02
 1.734766923E-02 1.828536764E-02 1.923749037E-02 2.020265348E-02 2.117982134E-02
 2.216841467E-02 2.316834405E-02 2.417997830E-02 2.520400286E-02 2.624115162E-02
 2.729180269E-02 2.835538983E-02 2.942958474E-02 3.050920926E-02 3.158479556E-02
 3.264072537E-02 3.365304694E-02 3.458739072E-02 3.539819270E-02 3.603230789E-02
-4.386065029E-06 1.033007379E-06 1.458685438E-05 3.615437527E-05 6.583259528E-05
 1.039699418E-04 1.511019509E-04 2.079059923E-04 2.751755237E-04 3.538045567E-04
 4.447759711E-04 5.491496995E-04 6.680500810E-04 8.026512805E-04 9.541605832E-04
 1.123799826E-03 1.312786480E-03 1.522312756E-03 1.753525576E-03 2.007507952E-03
 2.285260707E-03 2.587688854E-03 2.915589837E-03 3.269645851E-03 3.650423605E-03
 4.058375955E-03 4.493851215E-03 4.957103636E-03 5.448312964E-03 5.967598408E-03
 6.515034009E-03 7.090660278E-03 7.694487926E-03 8.326490410E-03 8.986586705E-03
 9.674617089E-03 1.039030124E-02 1.113320049E-02 1.190265920E-02 1.269776095E-02
 1.351727359E-02 1.435961016E-02 1.522279065E-02 1.610443927E-02 1.700179838E-02
 1.791178435E-02 1.883109473E-02 1.975637116E-02 2.068438753E-02 2.161228843E-02
 2.253778838E-02 2.345930412E-02 2.437596209E-02 2.528743632E-02 2.619361319E-02
 2.709413506E-02 2.798782662E-02 2.887204662E-02 2.974200808E-02 3.059009463E-02
 3.140528500E-02 3.217289969E-02 3.287506849E-02 3.349253908E-02 3.400884941E-02
-8.837221685E-06 2.089106374E-06 2.128078086E-05 4.931363583E-05 8.676839207E-05
 1.342074393E-04 1.922226511E-04 2.614649129E-04 3.426565090E-04 4.365938948E-04
 5.441444810E-04 6.662401138E-04 8.038667147E-04 9.580525220E-04 1.129854005E-03
 1.320339506E-03 1.530572888E-03 1.761594787E-03 2.014404861E-03 2.289942466E-03
 2.589071169E-03 2.912561176E-03 3.261077218E-03 3.635171335E-03 4.035277758E-03
 4.461719189E-03 4.914716817E-03 5.394410808E-03 5.900889169E-03 6.434211507E-03
 6.994446274E-03 7.581685204E-03 8.196057752E-03 8.837719448E-03 9.506824426E-03
 1.020348072E-02 1.092768367E-02 1.167923585E-02 1.245766319E-02 1.326211728E-02
 1.409127284E-02 1.494323369E-02 1.581543498E-02 1.670457982E-02 1.760659553E-02
 1.851666160E-02 1.942932606E-02 2.033874020E-02 2.123902552E-02 2.212476730E-02
 2.299152873E-02 2.383627743E-02 2.465756238E-02 2.545530722E-02 2.623030916E-02
 2.698360384E-02 2.771577239E-02 2.842636034E-02 2.911339328E-02 2.977309562E-02
 3.039981239E-02 3.098622337E-02 3.152392432E-02 3.200435266E-02 3.241989389E-02
-1.467201514E-06 8.375413927E-06 2.940555351E-05 6.160894554E-05 1.051307263E-04
 1.602914999E-04 2.275426523E-04 3.074323467E-04 4.005889932E-04 5.077156238E-04
 6.295842468E-04 7.670287159E-04 9.209350683E-04 1.092229970E-03 1.281868201E-03
 1.490817755E-03 1.720043598E-03 1.970491372E-03 2.243067371E-03 2.538618864E-03
 2.857914660E-03 3.201624146E-03 3.570298199E-03 3.964355215E-03 4.384073429E-03
 4.829590674E-03 5.300923251E-03 5.797995720E-03 6.320690736E-03 6.868911907E-03
 7.442642469E-03 8.042004891E-03 8.667283691E-03 9.318930097E-03 9.997512214E-03
 1.070364378E-02 1.143787988E-02 1.220058650E-02 1.299180370E-02 1.381109469E-02
 1.465737913E-02 1.552875340E-02 1.642229781E-02 1.733387820E-02 1.825797185E-02
 1.918754168E-02 2.011408284E-02 2.102786489E-02 2.191856317E-02 2.277627960E-02
 2.359291725E-02 2.436350472E-02 2.508685179E-02 2.576508746E-02 2.640244178E-02
 2.700387314E-02 2.757393755E-02 2.811603807E-02 2.863202803E-02 2.912214026E-02
 2.958516777E-02 3.001890332E-02 3.042081185E-02 3.078899160E-02 3.112351336E-02
-3.627492561E-06 9.726860299E-06 3.456567720E-05 7.129893493E-05 1.203764550E-04
 1.822613995E-04 2.574553946E-04 3.464818292E-04 4.499015922E-04 5.683440831E-04
 7.025122177E-04 8.531730855E-04 1.021150500E-03 1.207310357E-03 1.412552432E-03
 1.637793030E-03 1.883954974E-03 2.151944209E-03 2.442637226E-03 2.756849630E-03
 3.095318330E-03 3.458662657E-03 3.847362939E-03 4.261717200E-03 4.701827653E-03
 5.167576950E-03 5.658648908E-03 6.174568087E-03 6.714791991E-03 7.278834935E-03
 7.866423577E-03 8.477610536E-03 9.112882428E-03 9.773147292E-03 1.045969315E-02
 1.117403246E-02 1.191774383E-02 1.269225869E-02 1.349867415E-02 1.433753781E-02
 1.520863641E-02 1.611071825E-02 1.704118215E-02 1.799563691E-02 1.896744221E-02
 1.994716562E-02 2.092216536E-02 2.187647484E-02 2.279143780E-02 2.364763245E-02
 2.442846447E-02 2.512481436E-02 2.573777363E-02 2.627648227E-02 2.675385773E-02
 2.718306519E-02 2.757543139E-02 2.793958783E-02 2.828138135E-02 2.860423177E-02
 2.890968136E-02 2.919802070E-02 2.946896106E-02 2.972220443E-02 2.995781042E-02
 8.805904486E-07 1.390707803E-05 4.019895277E-05 7.986291894E-05 1.331790991E-04
 2.004964481E-04 2.823686227E-04 3.792071075E-04 4.913810408E-04 6.194321904E-04
 7.640320691E-04 9.259073995E-04 1.105870469E-03 1.304750913E-03 1.523453044E-03
 1.762869884E-03 2.023956971E-03 2.307621762E-03 2.614809200E-03 2.946360502E-03
 3.303106176E-03 3.685683245E-03 4.094632342E-03 4.530169535E-03 4.992285743E-03
 5.480506923E-03 5.994040519E-03 6.531625520E-03 7.091875188E-03 7.673342247E-03
 8.275084198E-03 8.896771818E-03 9.539137594E-03 1.020379644E-02 1.089333277E-02
 1.161077619E-02 1.235953066E-02 1.314276364E-02 1.396339852E-02 1.482369471E-02
 1.572528295E-02 1.666866988E-02 1.765305176E-02 1.867544092E-02 1.972992159E-02
 2.080605552E-02 2.188729495E-02 2.294880897E-02 2.395633049E-02 2.486740425E-02
 2.563978545E-02 2.625051327E-02 2.671182528E-02 2.705642208E-02 2.731944993E-02
 2.753000706E-02 2.770927735E-02 2.787118591E-02 2.802409045E-02 2.817232348E-02
 2.831766009E-02 2.846035361E-02 2.860011719E-02 2.873688191E-02 2.887167409E-02
 8.133065990E-07 1.552875619E-05 4.394690040E-05 8.615777188E-05 1.430317643E-04
 2.144011378E-04 3.021698794E-04 4.061891232E-04 5.258529563E-04 6.618332118E-04
 8.150607464E-04 9.861119324E-04 1.176035614E-03 1.385408221E-03 1.615451765E-03
 1.866752515E-03 2.140707569E-03 2.437889110E-03 2.759836381E-03 3.107046941E-03
 3.481108928E-03 3.882303368E-03 4.312042147E-03 4.770063795E-03 5.257115699E-03
 5.771751516E-03 6.313258316E-03 6.878259592E-03 7.464289200E-03 8.066856302E-03
 8.684004657E-03 9.313454852E-03 9.956968017E-03 1.061660238E-02 1.129833888E-02
 1.200695056E-02 1.275001559E-02 1.353238989E-02 1.436037291E-02 1.523770299E-02
 1.616966538E-02 1.715910807E-02 1.821018942E-02 1.932394691E-02 2.050095052E-02
 2.173535153E-02 2.301449701E-02 2.430837043E-02 2.556189708E-02 2.667754330E-02
 2.751599997E-02 2.798224054E-02 2.815756761E-02 2.816721611E-02 2.810047567E-02
 2.800888009E-02 2.792041376E-02 2.784729749E-02 2.779425494E-02 2.776074596E-02
 2.774467506E-02 2.774249576E-02 2.775102481E-02 2.776713297E-02 2.778857015E-02
 2.904687562E-06 1.756659913E-05 4.767379505E-05 8.959992556E-05 1.512237504E-04
 2.203720651E-04 3.157682077E-04 4.299338616E-04 5.550673814E-04 6.961801555E-04
 8.567164186E-04 1.033947687E-03 1.232718350E-03 1.449111849E-03 1.689517172E-03
 1.948722638E-03 2.234766725E-03 2.541083843E-03 2.877415624E-03 3.235817421E-03
 3.627711209E-03 4.043744411E-03 4.496809561E-03 4.975915421E-03 5.494674668E-03
 6.039431784E-03 6.622367073E-03 7.224330679E-03 7.852894254E-03 8.483304642E-03
 9.123619646E-03 9.753280319E-03 1.038953941E-02 1.102137193E-02 1.167770289E-02
 1.234986819E-02 1.307053864E-02 1.383034792E-02 1.465405524E-02 1.553125121E-02
 1.648587920E-02 1.750888675E-02 1.862608455E-02 1.983231865E-02 2.115689963E-02
 2.259958722E-02 2.419061773E-02 2.592249028E-02 2.778283507E-02 2.961361222E-02
 3.085267916E-02 3.084076941E-02 3.023828566E-02 2.956565470E-02 2.897026017E-02
 2.846974693E-02 2.806791477E-02 2.774312720E-02 2.748753317E-02 2.728146873E-02
 2.711843513E-02 2.698422410E-02 2.687392943E-02 2.677830681E-02 2.669385076E-02
 9.417968750E+00 9.900413946E+00 1.010573490E+01 1.036889331E+01 1.058350092E+01
 1.078049756E+01 1.091422444E+01 1.107800657E+01 1.029575338E+01 1.099153805E+01
 1.113182839E+01 1.104156146E+01 1.105661727E+01 1.046349113E+01 1.071151170E+01
 1.082936255E+01 1.025732306E+01 1.040937096E+01 1.043112332E+01 1.032729651E+01
 9.895233660E+00 9.630147074E+00 9.863277336E+00 9.882841009E+00 9.754317742E+00
 9.669519851E+00 9.574983106E+00 9.491013212E+00 9.425743103E+00 9.340617268E+00
 9.319252229E+00 9.065466745E+00 8.805773791E+00 9.002492060E+00 9.133438351E+00
 9.064626937E+00 9.037367590E+00 9.071468243E+00 8.890543172E+00 8.851858078E+00
 9.005163567E+00 8.750982283E+00 8.950835638E+00 9.179634187E+00 9.182719454E+00
 9.263366192E+00 9.329143092E+00 9.444801272E+00 9.472833668E+00 9.371032913E+00
 9.562117703E+00 9.675887612E+00 9.945648096E+00 1.030574743E+01 1.049404981E+01
 1.074496757E+01 1.103816661E+01 1.139023187E+01 1.172643979E+01 1.214101088E+01
 1.228066608E+01 1.280487306E+01 1.379542653E+01 1.444548618E+01 1.526400280E+01
  148    9
 3.624797618E-01 6.590625000E-01 3.484375000E-01 6.616704378E-01 3.306250000E-01
 6.632806238E-01 3.128125000E-01 6.630650219E-01 2.950000000E-01 6.608407733E-01
 2.874854252E-01 6.590625000E-01 2.771875000E-01 6.568138201E-01 2.593750000E-01
 6.507454297E-01 2.415625000E-01 6.415444071E-01 2.237500000E-01 6.280549112E-01
 2.197443032E-01 6.243750000E-01 2.059375000E-01 6.105984990E-01 1.902200312E-01
 5.896875000E-01 1.881250000E-01 5.863413919E-01 1.712868703E-01 5.550000000E-01
 1.703125000E-01 5.526552098E-01 1.577460572E-01 5.203125000E-01 1.525000000E-01
 5.015037487E-01 1.480764471E-01 4.856250000E-01 1.408254120E-01 4.509375000E-01
 1.357306192E-01 4.162500000E-01 1.346875000E-01 4.071031289E-01 1.315145599E-01
 3.815625000E-01 1.282896248E-01 3.468750000E-01 1.259171724E-01 3.121875000E-01
 1.241979620E-01 2.775000000E-01 1.229204303E-01 2.428125000E-01 1.220043851E-01
 2.081250000E-01 1.213178055E-01 1.734375000E-01 1.208442925E-01 1.387500000E-01
 1.204930172E-01 1.040625000E-01 1.202814497E-01 6.937500000E-02 1.201418205E-01
 3.468750000E-02 1.201114976E-01 0.000000000E+00 1.201381990E-01-3.468750000E-02
 1.202738867E-01-6.937500000E-02 1.204808320E-01-1.040625000E-01 1.208263999E-01
-1.387500000E-01 1.212925658E-01-1.734375000E-01 1.219694994E-01-2.081250000E-01
 1.228726012E-01-2.428125000E-01 1.241326790E-01-2.775000000E-01 1.258280506E-01
-3.121875000E-01 1.281680141E-01-3.468750000E-01 1.313489596E-01-3.815625000E-01
 1.346875000E-01-4.086839623E-01 1.355422281E-01-4.162500000E-01 1.405632121E-01
-4.509375000E-01 1.476983828E-01-4.856250000E-01 1.525000000E-01-5.030103961E-01
 1.572786417E-01-5.203125000E-01 1.703125000E-01-5.541496068E-01 1.706621025E-01
-5.550000000E-01 1.881250000E-01-5.878086680E-01 1.892861377E-01-5.896875000E-01
 2.059375000E-01-6.120672867E-01 2.180776135E-01-6.243750000E-01 2.237500000E-01
-6.296460498E-01 2.415625000E-01-6.430232962E-01 2.593750000E-01-6.521433000E-01
 2.771875000E-01-6.581854951E-01 2.810283075E-01-6.590625000E-01 2.950000000E-01
-6.625044821E-01 3.128125000E-01-6.647374775E-01 3.306250000E-01-6.649491666E-01
 3.484375000E-01-6.633217164E-01 3.662500000E-01-6.600021770E-01 3.695808603E-01
-6.590625000E-01 3.840625000E-01-6.557323654E-01 4.018750000E-01-6.501838850E-01
 4.196875000E-01-6.430244213E-01 4.375000000E-01-6.340150149E-01 4.532267569E-01
-6.243750000E-01 4.553125000E-01-6.232063482E-01 4.731250000E-01-6.119460294E-01
 4.909375000E-01-5.987480139E-01 5.015260371E-01-5.896875000E-01 5.087500000E-01
-5.837608238E-01 5.265625000E-01-5.676516655E-01 5.388313720E-01-5.550000000E-01
 5.443750000E-01-5.493229327E-01 5.621875000E-01-5.296127636E-01 5.697780430E-01
-5.203125000E-01 5.800000000E-01-5.076985663E-01 5.963509227E-01-4.856250000E-01
 5.978125000E-01-4.835938612E-01 6.156250000E-01-4.575393246E-01 6.198235951E-01
-4.509375000E-01 6.334375000E-01-4.289169078E-01 6.407640372E-01-4.162500000E-01
 6.512500000E-01-3.972748583E-01 6.594544427E-01-3.815625000E-01 6.690625000E-01
-3.620642063E-01 6.761894699E-01-3.468750000E-01 6.868750000E-01-3.223897335E-01
 6.911502165E-01-3.121875000E-01 7.044774718E-01-2.775000000E-01 7.046875000E-01
-2.769274336E-01 7.166711515E-01-2.428125000E-01 7.225000000E-01-2.241007541E-01
 7.273304285E-01-2.081250000E-01 7.363425718E-01-1.734375000E-01 7.403125000E-01
-1.556482926E-01 7.440051465E-01-1.387500000E-01 7.500144139E-01-1.040625000E-01
 7.541437615E-01-6.937500000E-02 7.565474261E-01-3.468750000E-02 7.573208511E-01
 0.000000000E+00 7.564915764E-01 3.468750000E-02 7.540283285E-01 6.937500000E-02
 7.498313245E-01 1.040625000E-01 7.437444218E-01 1.387500000E-01 7.403125000E-01
 1.543669329E-01 7.360363776E-01 1.734375000E-01 7.269425927E-01 2.081250000E-01
 7.225000000E-01 2.227636026E-01 7.162374037E-01 2.428125000E-01 7.046875000E-01
 2.755488876E-01 7.039689126E-01 2.775000000E-01 6.905116873E-01 3.121875000E-01
 6.868750000E-01 3.208270487E-01 6.754613525E-01 3.468750000E-01 6.690625000E-01
 3.604667724E-01 6.586318300E-01 3.815625000E-01 6.512500000E-01 3.956569431E-01
 6.398300053E-01 4.162500000E-01 6.334375000E-01 4.272767592E-01 6.187686460E-01
 4.509375000E-01 6.156250000E-01 4.558811658E-01 5.978125000E-01 4.820394609E-01
 5.952281603E-01 4.856250000E-01 5.800000000E-01 5.061449633E-01 5.684661317E-01
 5.203125000E-01 5.621875000E-01 5.280003032E-01 5.443750000E-01 5.477860624E-01
 5.373050569E-01 5.550000000E-01 5.265625000E-01 5.660772235E-01 5.087500000E-01
 5.822494022E-01 4.996455047E-01 5.896875000E-01 4.909375000E-01 5.971454537E-01
 4.731250000E-01 6.104591631E-01 4.553125000E-01 6.217541125E-01 4.506161250E-01
 6.243750000E-01 4.375000000E-01 6.324317076E-01 4.196875000E-01 6.415422421E-01
 4.018750000E-01 6.487845848E-01 3.840625000E-01 6.543774109E-01 3.662500000E-01
 6.585001963E-01
 1.199999973E-01-7.099999785E-01 1.000000015E-01 7.099999785E-01 2.290000021E-01
 8.389999866E-01 6.000000238E-01 8.389999866E-01 9.499999881E-01 4.939999878E-01
 9.499999881E-01-4.939999878E-01 6.000000238E-01-8.389999866E-01 2.290000021E-01
-8.389999866E-01 1.199999973E-01-7.099999785E-01
