 -6.314411796797670E-002   41.8158287641604     
 -6.006782333168936E-002  0.319739072665158     
 -5.409414526553111E-002  0.350376661461964     
 -4.835721922818007E-002  0.351336103875779     
 -4.287159179531626E-002  0.354336982375140     
 -3.765006232378413E-002  0.365815815575412     
 -3.270289520821870E-002  0.381723734214813     
 -2.805010373321151E-002  0.402824254646249     
 -2.370409910898329E-002  0.424184939234011     
 -1.968216752283919E-002  0.428877489361594     
 -1.600104521217794E-002  0.397472460058745     
 -1.266732877822404E-002  0.331639069009156     
 -9.688157208264006E-003  0.260525085821595     
 -7.080381477025922E-003  0.205372604956324     
 -4.863027762401828E-003  0.167768272653898     
 -3.047757308943723E-003  0.148104326672030     
 -1.646763447962794E-003  0.138764188938854     
 -6.719511116254906E-004  0.135943417544479     
 -1.357485269830594E-004  0.135000000000000     
  1.357485269830455E-004  0.135000000000000     
  5.174535525546003E-004  0.135939273856077     
  1.200597941556802E-003  0.138772318028728     
  2.180785910107050E-003  0.145335511470350     
  3.454278733088956E-003  0.159349145899796     
  5.014331266134930E-003  0.186345487637094     
  6.853379833507436E-003  0.235486439501614     
  8.965799554630088E-003  0.320533868212767     
  1.134602804295799E-002  0.459689953612081     
  1.399576709654728E-002  0.661596583659758     
  1.691761986092014E-002  0.893902055486042     
  2.010002970836738E-002   1.07121590235326     
  2.352969678332369E-002   1.12739118368497     
  2.721027606901368E-002   1.06990095825213     
  3.115005698288462E-002  0.920819429763954     
  3.533319304212025E-002  0.722768070543105     
  3.974855013725469E-002  0.508156899460216     
  4.440941664490081E-002  0.286672210563713     
